Snr	disk.position	D1	depth1.1	depth1.2	D2	depth2.1	depth2.2	Bsw	Bsb
1	base	19.5	5.4	5.5	17.0	5.4	5.7	806.50	112.50
1	BH								
1	D.3	15.3	5.5	5.3	14.1	5.4	5.3	389.50	15.54
1	D.55								
1	st1	14.0	5.5	5.4	14.0	5.3	5.4	375.00	15.29
1	st2	12.6	4.9	4.8	13.1	4.7	4.8	261.50	14.30
1	st3	10.9	5.1	5.1	11.3	5.2	5.6	184.56	10.24
1	st4	8.7	5.1	5.0	8.6	5.0	5.3	106.56	8.18
1	st5	5.7	5.1	5.0	5.0	5.1	4.9	34.42	5.33
2	base	17.2	5.4	5.7	15.3	5.7	5.3	598.50	98.53
2	BH								
2	D.3	12.4	5.3	5.4	12.3	5.1	5.3	311.50	13.75
2	D.55	10.4	4.9	5.3	10.3	4.7	5.3	173.22	9.89
2	st1	10.0	4.7	4.9	10.2	4.8	4.9	180.05	11.48
2	st2	9.1	5.3	5.2	8.8	5.4	5.4	140.67	8.70
2	st3	7.6	4.7	4.6	7.3	4.7	5.0	84.62	6.69
2	st4	5.5	5.1	5.0	5.2	5.0	5.0	42.72	4.17
2	st5	2.7	5.0	5.1	2.8	5.3	5.1	12.00	2.95
3	base	30.0	6.8	7.0	28.7	6.7	7.5	2114.50	338.00
3	BH								
3	D.3	21.7	5.5	6.0	21.2	5.8	5.9	857.00	34.01
3	D.55								
3	st1	19.5	4.9	5.7	19.5	5.2	5.5	623.50	24.56
3	st2	17.8	5.4	5.8	18.5	5.5	5.7	631.50	28.62
3	st3	15.0	5.6	5.5	15.0	5.6	5.6	366.00	22.21
3	st4	11.2	4.4	4.7	11.2	4.6	4.8	168.50	12.84
3	st5	6.0	5.0	5.3	6.3	5.2	5.3	50.97	7.55
4	base	22.9	7.0	6.9	21.6	7.0	7.0	1424.00	179.50
4	BH								
4	D.3	18.0	5.6	5.6	16.8	5.6	5.4	548.50	20.52
4	D.55	14.5	5.4	5.3	13.7	5.2	5.9	338.50	15.11
4	st1	14.0	5.0	5.0	13.2	5.7	5.0	297.50	14.41
4	st2	11.7	5.8	5.5	11.5	5.7	5.5	217.00	12.84
4	st3	10.4	5.5	5.3	10.0	5.3	5.8	163.00	11.89
4	st4	7.0	4.8	4.8	6.5	4.8	4.7	69.64	7.03
4	st5	3.0	5.7	5.5	2.9	5.4	5.8	14.06	3.17
5	base	26.0	8.0	7.4	24.2	8.5	7.3	1825.50	187.50
5	BH								
5	D.3	20.2	6.1	5.7	19.7	6.0	6.0	823.50	28.50
5	D.55	14.9	6.4	6.3	15.7	6.1	6.5	452.00	26.07
5	st1	14.7	5.5	5.9	14.7	5.9	5.7	479.00	23.84
5	st2	12.7	5.8	6.0	12.5	5.8	5.9	288.50	19.85
5	st3	10.2	5.8	5.6	10.5	5.6	5.5	176.69	14.33
5	st4	7.4	6.0	6.0	7.3	5.8	5.9	99.61	9.57
5	st5	3.6	5.7	5.5	3.5	5.6	5.5	20.99	4.24
6	base	13.5	5.1	4.7	11.0	5.2	5.0	290.00	62.18
6	BH								
6	D.3	9.5	5.1	4.8	10.2	5.1	5.1	168.49	8.26
6	D.55	8.0	4.5	4.2	7.7	4.5	4.4	93.69	6.68
6	st1	7.8	4.7	5.0	7.2	4.7	5.0	83.19	6.36
6	st2	6.4	5.5	5.1	6.5	5.4	5.3	64.99	5.86
6	st3	5.5	5.0	4.8	5.5	5.0	4.8	43.86	5.08
6	st4	3.8	4.5	4.5	3.8	4.6	4.4	19.38	3.20
6	st5	2.2	4.8	4.6	2.2	4.7	4.8	6.83	1.67
7	base	18.5	6.2	6.4	17.0	6.3	6.5	834.50	111.50
7	BH								
7	D.3	14.8	5.5	5.6	15.0	5.6	5.6	405.50	19.08
7	D.55	11.6	5.3	5.5	11.8	5.5	5.4	244.50	15.23
7	st1	11.2	6.0	5.9	11.1	5.8	6.0	293.50	18.76
7	st2	9.5	5.4	5.5	9.4	5.5	5.6	200.00	15.34
7	st3	7.5	5.7	6.2	7.8	6.0	5.7	113.61	9.61
7	st4	5.3	5.2	5.3	5.2	5.4	5.2	49.59	6.06
7	st5	3.0	5.5	5.2	2.9	5.3	5.3	14.44	3.31
8	base	28.8	7.3	9.0	25.6	7.2	8.2	2081.50	252.50
8	BH								
8	D.3	23.0	6.4	5.6	22.0	6.0	5.8	1030.00	38.50
8	D.55								
8	st1	18.0	5.0	5.5	17.2	5.4	5.0	546.50	26.63
8	st2	15.0	6.0	5.8	15.6	6.2	5.6	421.00	25.55
8	st3	12.4	5.8	5.4	13.2	5.5	5.4	215.00	17.25
8	st4	8.5	5.5	5.7	8.7	5.6	5.8	125.62	10.88
8	st5	4.5	4.4	4.6	4.2	4.4	4.9	24.69	4.02
9	base	12.4	6.1	6.2	12.1	6.0	6.2	356.50	95.94
9	BH								
9	D.3	9.5	5.6	5.4	10.0	5.5	5.6	172.32	10.12
9	D.55								
9	st1	7.2	4.6	4.6	7.1	4.5	4.6	100.84	7.72
9	st2	6.4	5.0	5.0	6.6	4.8	5.0	68.90	5.60
9	st3	5.5	4.8	4.9	5.6	4.3	4.9	46.05	4.86
9	st4	3.9	4.6	4.4	3.9	4.5	4.6	22.39	3.52
9	st5	2.1	4.0	4.2	2.2	4.0	4.1	6.55	1.36
10	base	25.5	8.0	7.1	25.3	7.5	6.7	1942.50	310.50
10	BH								
10	D.3	20.4	5.6	5.6	20.0	5.0	5.5	767.00	25.87
10	D.55								
10	st1	16.5	5.3	5.1	17.7	5.5	5.3	641.50	23.00
10	st2	14.5	5.5	5.4	14.8	5.5	5.6	399.00	19.18
10	st3	11.2	5.1	6.0	11.0	6.0	5.7	235.00	13.61
10	st4	8.4	4.7	5.2	8.0	4.6	5.0	107.00	8.29
10	st5	4.6	5.3	5.2	4.5	5.2	5.4	37.72	4.89
11	base	16.8	5.6	6.1	16.0	5.8	6.0	603.50	105.00
11	BH								
11	D.3	13.9	5.5	5.0	14.0	5.0	5.4	369.00	20.00
11	D.55								
11	st1	12.0	5.9	5.5	12.2	5.8	5.4	362.00	20.50
11	st2	9.0	4.8	4.8	9.0	4.8	4.6	127.50	9.50
11	st3	7.6	4.6	5.0	7.4	4.9	5.0	88.00	9.00
11	st4	5.8	5.4	5.3	6.0	5.2	5.5	60.50	8.00
11	st5	3.1	4.2	4.8	3.0	4.8	4.9	14.00	2.88
12	base	19.2	7.2	7.5	19.5	7.7	7.7	972.00	227.50
12	BH								
12	D.3	15.5	6.0	5.5	15.2	5.7	6.0	459.50	26.48
12	D.55								
12	st1	12.0	5.0	5.2	12.1	4.9	4.9	241.00	17.56
12	st2	10.3	5.0	5.2	10.2	5.0	5.0	145.70	10.84
12	st3	8.8	5.5	5.5	8.9	5.8	5.6	137.89	12.83
12	st4	6.1	4.9	4.8	6.4	5.0	4.8	50.21	7.20
12	st5	3.9	4.4	4.5	3.9	4.6	4.3	15.72	3.28