plot	Snr	d.underbark	variable	value	year
2	1	0.106937	X2013	0.287	2013
2	2	0.2202	X2013	2.094	2013
2	3	0.159074	X2013	0.742	2013
2	4	0.186491	X2013	0.862	2013
2	5	0.218403	X2013	0.508	2013
2	6	0.193233	X2013	1.205	2013
2	7	0.125814	X2013	0.846	2013
2	8	0.209863	X2013	1.015	2013
2	9	0.141096	X2013	0.53	2013
2	10	0.226043	X2013	0.866	2013
2	11	0.155928	X2013	1.152	2013
2	12	0.193682	X2013	1.69	2013
2	13	0.166266	X2013	0.825	2013
2	14	0.110982	X2013	1.079	2013
2	15	0.20402	X2013	0.829	2013
2	16	0.226942	X2013	0.489	2013
2	17	0.194581	X2013	1.313	2013
2	18	0.15413	X2013	0.862	2013
3	19	0.0966	X2013	0.477	2013
3	20	0.161322	X2013	0.638	2013
3	21	0.213459	X2013	0.654	2013
3	22	0.194132	X2013	0.977	2013
3	23	0.191435	X2013	0.509	2013
3	24	0.255258	X2013	0.582	2013
3	25	0.161771	X2013	0.495	2013
3	26	0.130758	X2013	0.254	2013
3	27	0.223796	X2013	0.974	2013
3	28	0.186042	X2013	0.943	2013
3	29	0.232785	X2013	0.684	2013
3	30	0.181098	X2013	0.244	2013
3	31	0.213009	X2013	0.66	2013
3	32	0.127163	X2013	0.517	2013
3	33	0.163569	X2013	0.286	2013
3	34	0.215256	X2013	0.829	2013
3	35	0.17076	X2013	0.423	2013
3	36	0.180199	X2013	0.798	2013
2	1	0.106937	X2012	0.656	2012
2	2	0.2202	X2012	1.969	2012
2	3	0.159074	X2012	0.72	2012
2	4	0.186491	X2012	1.005	2012
2	5	0.218403	X2012	0.769	2012
2	6	0.193233	X2012	0.933	2012
2	7	0.125814	X2012	0.581	2012
2	8	0.209863	X2012	1.271	2012
2	9	0.141096	X2012	0.34	2012
2	10	0.226043	X2012	1.142	2012
2	11	0.155928	X2012	1.082	2012
2	12	0.193682	X2012	1.811	2012
2	13	0.166266	X2012	0.571	2012
2	14	0.110982	X2012	0.942	2012
2	15	0.20402	X2012	1.37	2012
2	16	0.226942	X2012	0.339	2012
2	17	0.194581	X2012	1.783	2012
2	18	0.15413	X2012	1.107	2012
3	19	0.0966	X2012	0.414	2012
3	20	0.161322	X2012	0.593	2012
3	21	0.213459	X2012	0.649	2012
3	22	0.194132	X2012	0.932	2012
3	23	0.191435	X2012	0.424	2012
3	24	0.255258	X2012	0.91	2012
3	25	0.161771	X2012	0.342	2012
3	26	0.130758	X2012	0.222	2012
3	27	0.223796	X2012	0.889	2012
3	28	0.186042	X2012	0.974	2012
3	29	0.232785	X2012	0.87	2012
3	30	0.181098	X2012	0.211	2012
3	31	0.213009	X2012	0.692	2012
3	32	0.127163	X2012	0.525	2012
3	33	0.163569	X2012	0.35	2012
3	34	0.215256	X2012	0.805	2012
3	35	0.17076	X2012	0.423	2012
3	36	0.180199	X2012	0.765	2012
2	1	0.106937	X2011	0.975	2011
2	2	0.2202	X2011	2.358	2011
2	3	0.159074	X2011	1.547	2011
2	4	0.186491	X2011	1.917	2011
2	5	0.218403	X2011	1.99	2011
2	6	0.193233	X2011	1.992	2011
2	7	0.125814	X2011	1.369	2011
2	8	0.209863	X2011	2.289	2011
2	9	0.141096	X2011	0.72	2011
2	10	0.226043	X2011	1.533	2011
2	11	0.155928	X2011	1.991	2011
2	12	0.193682	X2011	3.294	2011
2	13	0.166266	X2011	0.866	2011
2	14	0.110982	X2011	1.611	2011
2	15	0.20402	X2011	1.794	2011
2	16	0.226942	X2011	1.014	2011
2	17	0.194581	X2011	2.143	2011
2	18	0.15413	X2011	1.096	2011
3	19	0.0966	X2011	0.398	2011
3	20	0.161322	X2011	0.636	2011
3	21	0.213459	X2011	0.865	2011
3	22	0.194132	X2011	1.05	2011
3	23	0.191435	X2011	0.452	2011
3	24	0.255258	X2011	0.918	2011
3	25	0.161771	X2011	0.552	2011
3	26	0.130758	X2011	0.276	2011
3	27	0.223796	X2011	1.108	2011
3	28	0.186042	X2011	1.211	2011
3	29	0.232785	X2011	1.014	2011
3	30	0.181098	X2011	0.307	2011
3	31	0.213009	X2011	0.974	2011
3	32	0.127163	X2011	0.64	2011
3	33	0.163569	X2011	0.523	2011
3	34	0.215256	X2011	1.187	2011
3	35	0.17076	X2011	0.633	2011
3	36	0.180199	X2011	0.95	2011
2	1	0.106937	X2010	1.055	2010
2	2	0.2202	X2010	2.755	2010
2	3	0.159074	X2010	2.289	2010
2	4	0.186491	X2010	2.834	2010
2	5	0.218403	X2010	3.023	2010
2	6	0.193233	X2010	2.162	2010
2	7	0.125814	X2010	2.542	2010
2	8	0.209863	X2010	3.558	2010
2	9	0.141096	X2010	1.865	2010
2	10	0.226043	X2010	2.158	2010
2	11	0.155928	X2010	2.647	2010
2	12	0.193682	X2010	3.674	2010
2	13	0.166266	X2010	1.461	2010
2	14	0.110982	X2010	1.738	2010
2	15	0.20402	X2010	2.077	2010
2	16	0.226942	X2010	1.25	2010
2	17	0.194581	X2010	2.262	2010
2	18	0.15413	X2010	0.975	2010
3	19	0.0966	X2010	0.36	2010
3	20	0.161322	X2010	0.848	2010
3	21	0.213459	X2010	1.089	2010
3	22	0.194132	X2010	1.193	2010
3	23	0.191435	X2010	0.65	2010
3	24	0.255258	X2010	1.057	2010
3	25	0.161771	X2010	0.741	2010
3	26	0.130758	X2010	0.423	2010
3	27	0.223796	X2010	1.346	2010
3	28	0.186042	X2010	1.534	2010
3	29	0.232785	X2010	1.179	2010
3	30	0.181098	X2010	0.424	2010
3	31	0.213009	X2010	0.788	2010
3	32	0.127163	X2010	0.607	2010
3	33	0.163569	X2010	0.551	2010
3	34	0.215256	X2010	1.441	2010
3	35	0.17076	X2010	0.438	2010
3	36	0.180199	X2010	1.033	2010
2	1	0.106937	X2009	0.479	2009
2	2	0.2202	X2009	3.009	2009
2	3	0.159074	X2009	2.098	2009
2	4	0.186491	X2009	3.112	2009
2	5	0.218403	X2009	3.539	2009
2	6	0.193233	X2009	1.905	2009
2	7	0.125814	X2009	2.204	2009
2	8	0.209863	X2009	3.052	2009
2	9	0.141096	X2009	1.696	2009
2	10	0.226043	X2009	1.22	2009
2	11	0.155928	X2009	2.76	2009
2	12	0.193682	X2009	3.939	2009
2	13	0.166266	X2009	2.055	2009
2	14	0.110982	X2009	1.391	2009
2	15	0.20402	X2009	1.691	2009
2	16	0.226942	X2009	1.208	2009
2	17	0.194581	X2009	2.052	2009
2	18	0.15413	X2009	0.733	2009
3	19	0.0966	X2009	0.285	2009
3	20	0.161322	X2009	0.721	2009
3	21	0.213459	X2009	0.97	2009
3	22	0.194132	X2009	0.854	2009
3	23	0.191435	X2009	0.509	2009
3	24	0.255258	X2009	0.639	2009
3	25	0.161771	X2009	0.498	2009
3	26	0.130758	X2009	0.423	2009
3	27	0.223796	X2009	1.222	2009
3	28	0.186042	X2009	1.03	2009
3	29	0.232785	X2009	0.8	2009
3	30	0.181098	X2009	0.38	2009
3	31	0.213009	X2009	0.668	2009
3	32	0.127163	X2009	0.577	2009
3	33	0.163569	X2009	0.523	2009
3	34	0.215256	X2009	0.975	2009
3	35	0.17076	X2009	0.374	2009
3	36	0.180199	X2009	0.966	2009
2	1	0.106937	X2008	0.338	2008
2	2	0.2202	X2008	2.376	2008
2	3	0.159074	X2008	2.459	2008
2	4	0.186491	X2008	3.096	2008
2	5	0.218403	X2008	3.052	2008
2	6	0.193233	X2008	1.353	2008
2	7	0.125814	X2008	1.69	2008
2	8	0.209863	X2008	2.54	2008
2	9	0.141096	X2008	1.971	2008
2	10	0.226043	X2008	1.167	2008
2	11	0.155928	X2008	2.706	2008
2	12	0.193682	X2008	3.391	2008
2	13	0.166266	X2008	1.484	2008
2	14	0.110982	X2008	1.361	2008
2	15	0.20402	X2008	1.904	2008
2	16	0.226942	X2008	1.187	2008
2	17	0.194581	X2008	1.713	2008
2	18	0.15413	X2008	0.733	2008
3	19	0.0966	X2008	0.447	2008
3	20	0.161322	X2008	0.848	2008
3	21	0.213459	X2008	0.811	2008
3	22	0.194132	X2008	0.849	2008
3	23	0.191435	X2008	0.636	2008
3	24	0.255258	X2008	0.625	2008
3	25	0.161771	X2008	0.53	2008
3	26	0.130758	X2008	0.414	2008
3	27	0.223796	X2008	1.094	2008
3	28	0.186042	X2008	1.09	2008
3	29	0.232785	X2008	1.013	2008
3	30	0.181098	X2008	0.353	2008
3	31	0.213009	X2008	0.548	2008
3	32	0.127163	X2008	0.65	2008
3	33	0.163569	X2008	0.552	2008
3	34	0.215256	X2008	1.101	2008
3	35	0.17076	X2008	0.455	2008
3	36	0.180199	X2008	0.893	2008
2	1	0.106937	X2007	0.393	2007
2	2	0.2202	X2007	1.846	2007
2	3	0.159074	X2007	2.734	2007
2	4	0.186491	X2007	2.285	2007
2	5	0.218403	X2007	2.426	2007
2	6	0.193233	X2007	0.829	2007
2	7	0.125814	X2007	1.149	2007
2	8	0.209863	X2007	1.863	2007
2	9	0.141096	X2007	1.399	2007
2	10	0.226043	X2007	0.987	2007
2	11	0.155928	X2007	2.033	2007
2	12	0.193682	X2007	2.628	2007
2	13	0.166266	X2007	1.102	2007
2	14	0.110982	X2007	1	2007
2	15	0.20402	X2007	1.523	2007
2	16	0.226942	X2007	0.977	2007
2	17	0.194581	X2007	1.187	2007
2	18	0.15413	X2007	0.798	2007
3	19	0.0966	X2007	0.423	2007
3	20	0.161322	X2007	0.509	2007
3	21	0.213459	X2007	0.677	2007
3	22	0.194132	X2007	1.126	2007
3	23	0.191435	X2007	0.579	2007
3	24	0.255258	X2007	0.734	2007
3	25	0.161771	X2007	0.388	2007
3	26	0.130758	X2007	0.498	2007
3	27	0.223796	X2007	1.243	2007
3	28	0.186042	X2007	1.187	2007
3	29	0.232785	X2007	0.971	2007
3	30	0.181098	X2007	0.437	2007
3	31	0.213009	X2007	0.641	2007
3	32	0.127163	X2007	0.665	2007
3	33	0.163569	X2007	0.55	2007
3	34	0.215256	X2007	0.837	2007
3	35	0.17076	X2007	0.506	2007
3	36	0.180199	X2007	0.976	2007
2	1	0.106937	X2006	0.373	2006
2	2	0.2202	X2006	1.457	2006
2	3	0.159074	X2006	1.78	2006
2	4	0.186491	X2006	1.778	2006
2	5	0.218403	X2006	2.299	2006
2	6	0.193233	X2006	1.035	2006
2	7	0.125814	X2006	0.89	2006
2	8	0.209863	X2006	1.735	2006
2	9	0.141096	X2006	1.06	2006
2	10	0.226043	X2006	1.227	2006
2	11	0.155928	X2006	1.654	2006
2	12	0.193682	X2006	2.755	2006
2	13	0.166266	X2006	0.678	2006
2	14	0.110982	X2006	1.122	2006
2	15	0.20402	X2006	1.074	2006
2	16	0.226942	X2006	0.89	2006
2	17	0.194581	X2006	1.299	2006
2	18	0.15413	X2006	0.725	2006
3	19	0.0966	X2006	0.472	2006
3	20	0.161322	X2006	0.773	2006
3	21	0.213459	X2006	0.932	2006
3	22	0.194132	X2006	1.076	2006
3	23	0.191435	X2006	0.862	2006
3	24	0.255258	X2006	0.72	2006
3	25	0.161771	X2006	0.65	2006
3	26	0.130758	X2006	0.434	2006
3	27	0.223796	X2006	1.355	2006
3	28	0.186042	X2006	1.399	2006
3	29	0.232785	X2006	1.055	2006
3	30	0.181098	X2006	0.569	2006
3	31	0.213009	X2006	0.787	2006
3	32	0.127163	X2006	0.865	2006
3	33	0.163569	X2006	0.792	2006
3	34	0.215256	X2006	0.985	2006
3	35	0.17076	X2006	0.739	2006
3	36	0.180199	X2006	0.798	2006
2	1	0.106937	X2005	0.369	2005
2	2	0.2202	X2005	1.131	2005
2	3	0.159074	X2005	1.101	2005
2	4	0.186491	X2005	1.605	2005
2	5	0.218403	X2005	0.842	2005
2	6	0.193233	X2005	1.19	2005
2	7	0.125814	X2005	0.72	2005
2	8	0.209863	X2005	1.247	2005
2	9	0.141096	X2005	0.848	2005
2	10	0.226043	X2005	1.227	2005
2	11	0.155928	X2005	1.034	2005
2	12	0.193682	X2005	1.907	2005
2	13	0.166266	X2005	0.889	2005
2	14	0.110982	X2005	1.067	2005
2	15	0.20402	X2005	0.865	2005
2	16	0.226942	X2005	0.847	2005
2	17	0.194581	X2005	1.051	2005
2	18	0.15413	X2005	0.647	2005
3	19	0.0966	X2005	0.544	2005
3	20	0.161322	X2005	0.678	2005
3	21	0.213459	X2005	0.974	2005
3	22	0.194132	X2005	1.269	2005
3	23	0.191435	X2005	0.749	2005
3	24	0.255258	X2005	0.976	2005
3	25	0.161771	X2005	0.487	2005
3	26	0.130758	X2005	0.476	2005
3	27	0.223796	X2005	1.566	2005
3	28	0.186042	X2005	1.229	2005
3	29	0.232785	X2005	1.123	2005
3	30	0.181098	X2005	0.672	2005
3	31	0.213009	X2005	0.847	2005
3	32	0.127163	X2005	0.787	2005
3	33	0.163569	X2005	0.903	2005
3	34	0.215256	X2005	1.244	2005
3	35	0.17076	X2005	0.863	2005
3	36	0.180199	X2005	1.078	2005
2	1	0.106937	X2004	0.47	2004
2	2	0.2202	X2004	1.582	2004
2	3	0.159074	X2004	1.674	2004
2	4	0.186491	X2004	1.479	2004
2	5	0.218403	X2004	1.142	2004
2	6	0.193233	X2004	1.395	2004
2	7	0.125814	X2004	1.102	2004
2	8	0.209863	X2004	1.458	2004
2	9	0.141096	X2004	0.953	2004
2	10	0.226043	X2004	1.608	2004
2	11	0.155928	X2004	1.107	2004
2	12	0.193682	X2004	1.861	2004
2	13	0.166266	X2004	1.186	2004
2	14	0.110982	X2004	1.142	2004
2	15	0.20402	X2004	0.9	2004
2	16	0.226942	X2004	1.353	2004
2	17	0.194581	X2004	1.404	2004
2	18	0.15413	X2004	0.577	2004
3	19	0.0966	X2004	0.671	2004
3	20	0.161322	X2004	0.963	2004
3	21	0.213459	X2004	1.44	2004
3	22	0.194132	X2004	1.272	2004
3	23	0.191435	X2004	1.003	2004
3	24	0.255258	X2004	1.348	2004
3	25	0.161771	X2004	0.736	2004
3	26	0.130758	X2004	0.646	2004
3	27	0.223796	X2004	1.779	2004
3	28	0.186042	X2004	1.647	2004
3	29	0.232785	X2004	1.414	2004
3	30	0.181098	X2004	1.113	2004
3	31	0.213009	X2004	1.017	2004
3	32	0.127163	X2004	1.099	2004
3	33	0.163569	X2004	1.189	2004
3	34	0.215256	X2004	1.553	2004
3	35	0.17076	X2004	1.435	2004
3	36	0.180199	X2004	1.304	2004
2	1	0.106937	X2003	0.467	2003
2	2	0.2202	X2003	1.568	2003
2	3	0.159074	X2003	1.823	2003
2	4	0.186491	X2003	1.608	2003
2	5	0.218403	X2003	1.274	2003
2	6	0.193233	X2003	1.525	2003
2	7	0.125814	X2003	1.017	2003
2	8	0.209863	X2003	1.525	2003
2	9	0.141096	X2003	1.08	2003
2	10	0.226043	X2003	1.623	2003
2	11	0.155928	X2003	1.412	2003
2	12	0.193682	X2003	2.324	2003
2	13	0.166266	X2003	1.588	2003
2	14	0.110982	X2003	1.419	2003
2	15	0.20402	X2003	0.763	2003
2	16	0.226942	X2003	1.271	2003
2	17	0.194581	X2003	1.482	2003
2	18	0.15413	X2003	0.591	2003
3	19	0.0966	X2003	0.584	2003
3	20	0.161322	X2003	0.847	2003
3	21	0.213459	X2003	1.525	2003
3	22	0.194132	X2003	1.356	2003
3	23	0.191435	X2003	0.932	2003
3	24	0.255258	X2003	1.36	2003
3	25	0.161771	X2003	0.67	2003
3	26	0.130758	X2003	0.529	2003
3	27	0.223796	X2003	1.736	2003
3	28	0.186042	X2003	1.763	2003
3	29	0.232785	X2003	1.272	2003
3	30	0.181098	X2003	0.916	2003
3	31	0.213009	X2003	1.102	2003
3	32	0.127163	X2003	1.065	2003
3	33	0.163569	X2003	1.3	2003
3	34	0.215256	X2003	1.653	2003
3	35	0.17076	X2003	1.432	2003
3	36	0.180199	X2003	1.314	2003
2	1	0.106937	X2002	0.26	2002
2	2	0.2202	X2002	1.314	2002
2	3	0.159074	X2002	1.717	2002
2	4	0.186491	X2002	1.055	2002
2	5	0.218403	X2002	1.185	2002
2	6	0.193233	X2002	1.381	2002
2	7	0.125814	X2002	0.771	2002
2	8	0.209863	X2002	1.397	2002
2	9	0.141096	X2002	0.826	2002
2	10	0.226043	X2002	1.853	2002
2	11	0.155928	X2002	1.567	2002
2	12	0.193682	X2002	2.19	2002
2	13	0.166266	X2002	1.63	2002
2	14	0.110982	X2002	1.14	2002
2	15	0.20402	X2002	0.931	2002
2	16	0.226942	X2002	1.315	2002
2	17	0.194581	X2002	1.185	2002
2	18	0.15413	X2002	0.55	2002
3	19	0.0966	X2002	0.584	2002
3	20	0.161322	X2002	1.101	2002
3	21	0.213459	X2002	0.817	2002
3	22	0.194132	X2002	1.259	2002
3	23	0.191435	X2002	1.116	2002
3	24	0.255258	X2002	1.51	2002
3	25	0.161771	X2002	0.599	2002
3	26	0.130758	X2002	0.486	2002
3	27	0.223796	X2002	1.397	2002
3	28	0.186042	X2002	1.333	2002
3	29	0.232785	X2002	1.185	2002
3	30	0.181098	X2002	0.719	2002
3	31	0.213009	X2002	1.272	2002
3	32	0.127163	X2002	0.89	2002
3	33	0.163569	X2002	1.2	2002
3	34	0.215256	X2002	1.694	2002
3	35	0.17076	X2002	1.35	2002
3	36	0.180199	X2002	1.165	2002
2	1	0.106937	X2001	0.141	2001
2	2	0.2202	X2001	1.691	2001
2	3	0.159074	X2001	2.034	2001
2	4	0.186491	X2001	1.353	2001
2	5	0.218403	X2001	1.146	2001
2	6	0.193233	X2001	1.499	2001
2	7	0.125814	X2001	0.628	2001
2	8	0.209863	X2001	1.545	2001
2	9	0.141096	X2001	0.827	2001
2	10	0.226043	X2001	1.821	2001
2	11	0.155928	X2001	1.568	2001
2	12	0.193682	X2001	2.109	2001
2	13	0.166266	X2001	2.094	2001
2	14	0.110982	X2001	0.927	2001
2	15	0.20402	X2001	1.159	2001
2	16	0.226942	X2001	1.146	2001
2	17	0.194581	X2001	1.585	2001
2	18	0.15413	X2001	0.804	2001
3	19	0.0966	X2001	0.532	2001
3	20	0.161322	X2001	1.099	2001
3	21	0.213459	X2001	1.131	2001
3	22	0.194132	X2001	1.368	2001
3	23	0.191435	X2001	0.748	2001
3	24	0.255258	X2001	1.857	2001
3	25	0.161771	X2001	0.629	2001
3	26	0.130758	X2001	0.371	2001
3	27	0.223796	X2001	1.352	2001
3	28	0.186042	X2001	1.15	2001
3	29	0.232785	X2001	1.609	2001
3	30	0.181098	X2001	0.711	2001
3	31	0.213009	X2001	1.187	2001
3	32	0.127163	X2001	1.102	2001
3	33	0.163569	X2001	1.272	2001
3	34	0.215256	X2001	1.27	2001
3	35	0.17076	X2001	1.098	2001
3	36	0.180199	X2001	1.414	2001
2	1	0.106937	X2000	0.134	2000
2	2	0.2202	X2000	1.017	2000
2	3	0.159074	X2000	1.314	2000
2	4	0.186491	X2000	1.097	2000
2	5	0.218403	X2000	0.889	2000
2	6	0.193233	X2000	1.163	2000
2	7	0.125814	X2000	0.478	2000
2	8	0.209863	X2000	0.975	2000
2	9	0.141096	X2000	0.531	2000
2	10	0.226043	X2000	1.187	2000
2	11	0.155928	X2000	0.721	2000
2	12	0.193682	X2000	1.142	2000
2	13	0.166266	X2000	1.546	2000
2	14	0.110982	X2000	0.808	2000
2	15	0.20402	X2000	1.184	2000
2	16	0.226942	X2000	0.932	2000
2	17	0.194581	X2000	0.872	2000
2	18	0.15413	X2000	0.719	2000
3	19	0.0966	X2000	0.55	2000
3	20	0.161322	X2000	1.013	2000
3	21	0.213459	X2000	1.143	2000
3	22	0.194132	X2000	1.272	2000
3	23	0.191435	X2000	0.862	2000
3	24	0.255258	X2000	1.255	2000
3	25	0.161771	X2000	0.677	2000
3	26	0.130758	X2000	0.264	2000
3	27	0.223796	X2000	1.228	2000
3	28	0.186042	X2000	1.035	2000
3	29	0.232785	X2000	1.526	2000
3	30	0.181098	X2000	0.8	2000
3	31	0.213009	X2000	1.145	2000
3	32	0.127163	X2000	0.848	2000
3	33	0.163569	X2000	1.286	2000
3	34	0.215256	X2000	1.183	2000
3	35	0.17076	X2000	0.973	2000
3	36	0.180199	X2000	1.38	2000
2	1	0.106937	X1999	0.174	1999
2	2	0.2202	X1999	1.271	1999
2	3	0.159074	X1999	1.314	1999
2	4	0.186491	X1999	1.058	1999
2	5	0.218403	X1999	0.954	1999
2	6	0.193233	X1999	0.872	1999
2	7	0.125814	X1999	0.666	1999
2	8	0.209863	X1999	0.954	1999
2	9	0.141096	X1999	0.55	1999
2	10	0.226043	X1999	1.187	1999
2	11	0.155928	X1999	0.763	1999
2	12	0.193682	X1999	1.225	1999
2	13	0.166266	X1999	1.143	1999
2	14	0.110982	X1999	1.015	1999
2	15	0.20402	X1999	0.834	1999
2	16	0.226942	X1999	0.975	1999
2	17	0.194581	X1999	0.908	1999
2	18	0.15413	X1999	0.634	1999
3	19	0.0966	X1999	0.55	1999
3	20	0.161322	X1999	0.841	1999
3	21	0.213459	X1999	1.242	1999
3	22	0.194132	X1999	0.892	1999
3	23	0.191435	X1999	0.692	1999
3	24	0.255258	X1999	1.185	1999
3	25	0.161771	X1999	0.889	1999
3	26	0.130758	X1999	0.37	1999
3	27	0.223796	X1999	1.363	1999
3	28	0.186042	X1999	0.894	1999
3	29	0.232785	X1999	1.568	1999
3	30	0.181098	X1999	0.739	1999
3	31	0.213009	X1999	1.187	1999
3	32	0.127163	X1999	0.89	1999
3	33	0.163569	X1999	0.833	1999
3	34	0.215256	X1999	1.148	1999
3	35	0.17076	X1999	1.141	1999
3	36	0.180199	X1999	1.502	1999
2	1	0.106937	X1998	0.138	1998
2	2	0.2202	X1998	1.102	1998
2	3	0.159074	X1998	1.228	1998
2	4	0.186491	X1998	0.845	1998
2	5	0.218403	X1998	0.654	1998
2	6	0.193233	X1998	0.914	1998
2	7	0.125814	X1998	0.593	1998
2	8	0.209863	X1998	1.102	1998
2	9	0.141096	X1998	0.509	1998
2	10	0.226043	X1998	1.313	1998
2	11	0.155928	X1998	0.817	1998
2	12	0.193682	X1998	1.222	1998
2	13	0.166266	X1998	1.227	1998
2	14	0.110982	X1998	1.104	1998
2	15	0.20402	X1998	0.883	1998
2	16	0.226942	X1998	0.975	1998
2	17	0.194581	X1998	0.914	1998
2	18	0.15413	X1998	0.678	1998
3	19	0.0966	X1998	0.647	1998
3	20	0.161322	X1998	1.136	1998
3	21	0.213459	X1998	1.041	1998
3	22	0.194132	X1998	1.265	1998
3	23	0.191435	X1998	0.889	1998
3	24	0.255258	X1998	1.574	1998
3	25	0.161771	X1998	0.804	1998
3	26	0.130758	X1998	0.624	1998
3	27	0.223796	X1998	1.317	1998
3	28	0.186042	X1998	0.954	1998
3	29	0.232785	X1998	1.399	1998
3	30	0.181098	X1998	0.998	1998
3	31	0.213009	X1998	1.144	1998
3	32	0.127163	X1998	0.805	1998
3	33	0.163569	X1998	0.901	1998
3	34	0.215256	X1998	1.059	1998
3	35	0.17076	X1998	1.14	1998
3	36	0.180199	X1998	1.617	1998
