TreeName	RingCount	PathLength	2022	2021	2020	2019	2018	2017	2016	2015	2014	2013	2012	2011	2010	2009	2008	2007	2006	2005	2004	2003	2002	2001	2000	1999	1998	1997	1996	1995	1994	1993	1992	1991	1990	1989	1988	1987	1986	1985	1984	1983	1982	1981	1980	1979	1978	1977	1976	1975	1974	1973	1972	1971	1970	1969	1968	1967	1966	1965	1964	1963	1962	1961	1960	1959	1958	1957	1956	1955	1954	1953	1952	1951	1950	1949	1948	1947	1946	1945	1944	1943	1942	1941	1940	1939	1938
01_01	73	114.9666	1.705	2.189	1.322	1.534	1.526	1.438	1.879	1.815	1.209	1.995	2.713	1.8	1.336	0.771	1.144	1.179	1.381	1.526	1.363	1.271	1.247	1.053	0.936	0.804	0.741	0.487	0.708	1.155	1.016	0.995	1.228	0.963	0.857	0.83	0.736	1.058	1.209	0.744	0.863	1.143	1.198	1.787	2.011	2.519	2.137	2.964	2.943	1.905	2.54	2.371	2.223	2.159	2.053	2.54	2.413	2.201	2.011	2.667	2.371	1.863	1.524	0.995	1.397	1.63	1.373	1.538	2.088	2.337	1.377	0.809	0.485	0.607	1.302												
01_02	71	125.9896	2.227	1.149	0.909	1.99	1.923	1.95	2.071	2.995	1.896	1.317	1.89	2.549	1.675	0.622	0.821	0.864	1.403	1.245	1.884	2.175	1.614	1.736	1.675	1.563	1.312	1.037	0.902	0.799	0.841	1.32	1.13	1.273	1.445	1.151	1.169	1.068	1.075	1.304	1.14	0.976	1.016	1.297	1.248	1.568	2.859	2.252	2.195	3.076	3.065	2.391	2.849	2.77	2.531	2.097	1.856	2.106	2.296	2.191	2.055	2.781	3.138	2.725	2.349	1.503	2.406	2.419	1.903	1.445	1.62	1.648	1.323														
01_03	68	112.4371	1.926	1.16	1.041	1.492	1.534	1.439	1.445	1.966	2.262	1.398	2.192	2.428	1.856	1.524	0.889	1.143	1.185	1.63	1.672	1.355	1.228	1.138	1.114	0.796	0.804	0.698	0.614	0.699	0.91	1.123	0.996	1.349	1.019	0.931	0.91	0.932	1.041	1.143	0.8	0.974	1.21	1.245	1.609	2.048	2.165	1.82	2.58	3.262	2.54	2.54	2.413	2.582	2.011	1.969	2.582	2.582	2.773	1.908	2.75	3.217	2.032	1.841	1.27	1.206	0.995	1.436	1.416	3.287																	
01_04	70	112.8146	1.268	0.763	0.634	1.057	1.11	1.15	1.544	2.06	1.892	0.952	1.706	2.591	1.926	1.397	0.804	1.185	1.164	1.503	1.778	1.185	1.037	1.27	1.228	0.868	0.91	0.714	0.746	0.55	1.079	0.974	1.058	1.27	0.804	1.058	0.868	0.699	1.061	0.971	0.656	0.857	1.256	1.612	1.947	2.117	2.434	2.561	3.006	3.26	2.9	2.477	3.111	2.709	2.265	2.667	2.794	2.455	2.095	2.053	2.701	2.389	1.684	1.228	0.635	1.321	1.726	2.02	2.225	2.013	2.201	1.151															
02_01	66	86.5370	2.022	1.523	1.058	1.228	1.417	1.969	2.222	1.846	2.091	1.905	1.949	2.502	2.132	1.566	1.101	1.122	1.439	1.778	2.159	1.651	1.799	1.249	0.974	1.376	0.91	0.827	0.697	0.931	1.122	1.037	0.698	0.995	0.72	0.656	0.91	0.614	0.635	0.526	0.49	0.656	0.72	0.762	1.206	1.778	0.953	0.625	0.956	1.425	1.27	2.055	1.776	2.102	1.363	1.403	1.619	1.26	1.199	1.129	1.376	2.223	1.397	1.249	0.91	0.614	0.91	0.931																			
02_02	66	84.3869	1.091	0.874	0.408	0.601	0.792	1.299	1.719	1.429	1.598	1.578	2.965	3.019	3.232	2.847	1.747	1.608	1.672	1.884	1.566	1.418	1.672	1.122	1.439	1.461	0.952	0.826	0.698	0.72	0.953	0.54	0.857	0.748	0.776	0.722	0.717	0.698	0.783	0.807	0.801	0.741	0.903	0.812	1.056	1.061	0.825	0.847	1.206	1.799	1.693	1.778	1.693	1.49	1.397	1.24	1.254	1.138	1.016	1.058	1.428	1.886	1.194	1.15	0.954	0.646	0.974	1.526																			
02_03	65	90.5482	1.371	0.994	0.487	0.82	0.54	1.077	1.897	1.602	2.28	2.434	3.455	3.712	2.95	2.172	0.995	1.228	1.455	1.529	1.228	1.164	1.715	1.249	1.122	1.287	1.038	0.888	0.935	1.161	1.07	0.881	1.016	1.134	0.829	1.064	0.83	1.04	0.994	0.967	0.72	0.712	0.854	0.889	1.088	1.527	1.008	0.95	1.016	1.44	1.058	1.588	1.496	1.735	1.346	1.068	1.324	1.265	1.235	1.295	2.427	1.504	1.035	1.047	1.058	0.877	1.101																				
02_04	60	91.5403	1.766	1.426	0.74	0.783	0.603	1.738	2.486	3.041	2.829	2.342	2.809	3.477	3.487	1.829	1.353	0.698	0.762	1.247	1.424	1.562	1.596	2.666	1.708	2.391	1.651	0.995	0.863	0.936	0.868	1.206	1.153	1.217	1.461	1.122	0.91	0.847	0.952	0.876	1.029	0.91	0.571	0.826	0.952	1.143	1.439	0.974	1.101	1.249	1.482	1.291	1.609	1.587	1.863	1.609	1.355	1.685	1.469	1.498	1.349	2.784																									
03_01	70	68.3668	1.379	1.249	0.91	1.08	1.175	1.394	1.368	1.009	1.129	1.114	1.279	1.592	1.582	0.953	0.677	0.699	0.847	0.995	1.079	0.931	0.762	0.826	0.762	0.825	0.699	0.529	0.55	0.465	0.763	0.762	0.635	0.487	0.466	0.381	0.381	0.466	0.487	0.381	0.55	0.72	0.72	0.825	0.91	0.741	0.698	1.08	1.27	1.397	1.461	1.503	1.058	1.397	1.249	1.142	1.186	1.192	0.94	1.043	0.847	0.783	0.931	0.699	1.252	1.153	1.108	1.482	1.029	1.254	1.763	1.69															
03_02	72	76.8710	1.647	0.953	0.487	0.656	0.572	0.847	1.058	0.995	1.418	1.74	1.721	2.847	2.604	1.715	0.952	1.143	1.143	1.334	1.439	1.439	1.312	0.995	0.889	0.868	0.868	0.72	0.571	0.635	0.571	0.445	0.487	0.72	0.529	0.572	0.487	0.466	0.423	0.36	0.381	0.529	0.466	0.72	0.72	0.847	0.91	0.868	1.334	1.397	1.312	1.524	1.503	1.27	1.122	1.291	1.291	1.164	1.016	1.08	1.291	1.101	0.952	1.08	0.783	1.291	1.228	1.164	1.312	1.238	1.137	1.317	1.69	1.348													
03_03	69	66.2239	2.116	1.366	0.593	0.571	0.423	0.656	0.699	0.847	1.101	1.143	1.947	2.411	2.288	1.566	0.783	0.91	1.058	1.228	1.101	0.944	1.193	0.974	0.868	0.773	0.857	0.741	0.529	0.614	0.635	0.402	0.571	0.529	0.402	0.445	0.382	0.444	0.381	0.445	0.402	0.487	0.572	0.572	0.72	0.762	0.762	0.867	1.068	1.515	1.185	1.123	1.371	1.162	1.304	1.227	1.221	1.122	1.017	0.722	1.17	1.023	0.961	1.041	0.72	1.01	1.122	1.041	1.406	1.035	1.47																
03_04	71	68.4408	1.308	1.27	0.741	0.825	0.826	1.081	1.269	1.465	1.731	1.439	1.656	2.243	1.986	1.207	0.677	0.889	0.741	0.995	0.974	1.164	1.037	0.804	0.754	0.812	0.656	0.543	0.527	0.475	0.508	0.317	0.402	0.55	0.36	0.317	0.423	0.333	0.472	0.272	0.384	0.402	0.529	0.55	0.593	0.781	0.806	0.804	0.995	1.207	1.333	1.482	1.249	1.312	0.995	1.27	1.355	1.164	1.397	1.122	1.376	1.27	0.974	0.974	0.635	1.069	1.185	1.345	1.409	1.147	1.282	1.115	0.233														
04_01	67	42.2848	0.312	0.179	0.208	0.347	0.151	0.178	0.579	1.058	0.91	0.677	0.444	0.677	0.699	0.843	0.681	0.593	0.529	0.466	0.656	0.677	0.487	0.402	0.317	0.233	0.36	0.318	0.423	0.677	0.635	0.466	0.487	0.635	0.55	0.487	0.339	0.466	0.529	0.466	0.529	0.783	0.635	0.72	0.953	1.016	0.952	0.868	0.826	0.783	0.423	0.487	0.698	0.55	0.445	0.402	0.508	0.423	0.445	0.466	0.36	0.868	0.656	1.081	1.395	1.406	1.394	1.314	0.903																		
04_02	67	45.7376	0.248	0.229	0.19	0.572	0.242	0.33	0.931	1.418	1.122	1.143	0.572	0.689	0.581	0.91	0.847	0.847	0.656	0.529	0.762	0.698	0.614	0.487	0.466	0.339	0.529	0.466	0.55	0.677	0.634	0.721	0.656	0.635	0.635	0.487	0.381	0.423	0.508	0.445	0.508	0.698	0.783	0.741	0.825	0.825	0.741	0.762	0.868	0.762	0.508	0.529	0.55	0.402	0.445	0.36	0.402	0.445	0.466	0.487	0.381	0.72	0.656	0.952	1.312	1.191	1.593	1.618	1.291																		
04_03	68	42.7064	0.21	0.18	0.194	0.419	0.275	0.169	0.762	1.333	1.016	0.889	0.593	0.762	0.635	0.847	0.889	0.762	0.614	0.508	0.614	0.635	0.572	0.508	0.381	0.318	0.444	0.381	0.508	0.593	0.698	0.55	0.487	0.508	0.529	0.381	0.36	0.339	0.444	0.445	0.444	0.572	0.55	0.614	0.847	0.868	0.91	0.741	0.741	0.635	0.487	0.317	0.127	0.487	0.423	0.402	0.339	0.423	0.423	0.466	0.593	0.487	0.974	0.783	0.868	1.46	1.333	1.397	1.799	0.995																	
04_04	66	42.3979	0.288	0.18	0.18	0.361	0.175	0.189	0.966	1.25	1.037	0.931	0.466	0.656	0.804	0.741	0.635	0.741	0.572	0.508	0.699	0.508	0.487	0.487	0.339	0.318	0.402	0.318	0.339	0.572	0.529	0.423	0.402	0.508	0.525	0.406	0.487	0.402	0.466	0.572	0.529	0.699	0.656	0.677	0.974	1.1	0.931	0.804	0.847	0.762	0.55	0.55	0.593	0.614	0.466	0.423	0.444	0.55	0.55	0.593	0.444	0.931	0.792	0.986	1.185	1.271	1.366	1.829																			
05_01	73	95.2050	1.434	1.409	0.931	1.185	0.968	1.607	2.314	2.335	1.687	1.271	2.276	2.822	2.86	3.492	2.441	2.296	1.761	1.778	2.031	1.61	1.947	1.565	1.584	1.829	1.726	1.451	1.07	1.126	1.406	1.43	1.03	1.148	1.231	0.948	0.617	0.974	0.641	0.52	0.539	0.692	0.889	0.889	0.889	0.931	0.952	1.037	1.397	1.164	1.312	1.239	1.206	1.193	0.68	0.635	0.804	0.732	0.538	0.508	0.55	0.762	0.72	0.635	0.445	0.529	0.677	0.932	1.145	1.084	1.534	2.287	2.11	0.93	0.265												
05_02	72	89.3796	2.835	2.549	1.785	1.406	1.531	0.944	0.537	0.452	0.34	0.435	0.44	0.454	0.451	0.39	0.375	0.601	0.729	0.604	0.687	1.089	1.006	1.186	1.034	1.134	1.075	0.897	0.902	0.901	0.739	0.78	0.775	0.522	0.451	0.599	0.704	0.698	0.483	0.845	1.155	1.208	1.118	1.061	1.205	0.977	1.166	1.1	1.667	1.426	1.853	1.56	1.914	1.51	2.153	1.74	1.68	2.828	2.872	2.568	2.628	2.552	2.171	1.003	1.499	2.373	2.179	1.943	0.885	0.909	0.614	0.845	1.318	0.995													
05_03	73	89.1033	1.511	1.333	0.855	1.545	1.198	1.916	1.545	2.03	1.653	0.94	1.867	2.269	2.295	2.32	2.142	1.778	1.084	1.774	2.102	1.505	2.316	1.528	1.376	1.397	1.185	0.988	0.917	0.868	1.249	0.762	1.079	0.868	1.069	0.785	0.529	0.686	0.47	0.44	0.529	0.529	0.72	0.889	0.741	0.762	0.889	0.91	1.503	1.312	1.439	1.27	1.058	0.995	0.783	0.698	1.058	0.783	0.529	0.487	0.656	0.72	0.804	0.698	0.656	0.72	0.72	0.974	1.482	1.592	2.053	2.494	2.821	0.872	0.773												
05_04	76	96.9228	0.846	0.996	0.867	0.741	1.052	0.747	1.712	2.521	2.271	1.899	1.397	1.739	2.981	2.54	2.858	1.863	1.884	1.503	1.775	1.947	1.591	2.18	1.524	1.672	1.799	1.63	1.016	1.143	1.228	1.439	1.249	1.037	1.355	1.27	0.868	0.656	0.804	0.783	0.55	0.508	0.656	0.91	0.995	0.889	1.037	1.143	1.249	1.418	1.503	1.524	1.27	1.185	1.185	0.995	0.593	0.889	0.762	0.423	0.487	0.572	0.677	0.889	0.614	0.508	0.741	0.847	1.122	1.037	1.185	1.614	0.088	2.501	2.247	2.371	2.005	0.033									
06_01	82	154.5861	2.773	2.039	1.52	2.328	2.392	3.17	4.048	4.022	2.921	2.604	3.217	4.53	4.53	4.36	2.35	2.138	1.715	2.223	2.688	2.752	3.323	2.265	1.715	1.461	1.122	1.143	1.058	1.122	1.46	1.736	1.355	1.609	1.947	1.08	0.931	1.058	1.291	1.037	1.058	1.079	1.185	1.122	1.355	1.82	1.333	1.376	1.482	2.032	2.292	2.068	1.99	1.46	1.037	1.08	1.016	1.122	0.91	1.143	1.27	1.185	0.847	1.101	1.122	1.672	1.101	1.736	1.672	1.587	1.757	1.651	1.587	1.693	2.18	1.884	1.623	2.356	2.519	2.096	2.074	2.709	1.679	0.84			
06_02	85	148.7914	3.073	1.863	1.207	1.939	1.786	2.688	2.709	3.103	2.757	3.002	3.914	4.237	4.105	3.932	2.594	2.076	1.486	2.262	2.745	2.649	2.335	2.349	1.984	1.828	1.273	1.172	1.036	1.294	1.532	1.496	1.392	1.754	1.474	1.14	1.204	1.214	1.078	0.996	0.825	0.837	1.038	1.427	1.514	1.494	1.6	1.573	1.895	1.885	1.229	1.268	1.461	1.334	1.058	0.914	0.991	1.101	0.91	0.995	1.037	0.804	1.101	1.101	0.91	1.164	1.439	1.312	1.228	1.228	1.503	1.122	1.355	1.101	1.185	1.101	1.185	1.482	2.032	1.969	2.498	3.471	1.548	1.88	1.597	2.447	0.572
06_03	85	159.5721	1.612	2.449	1.527	2.159	2.358	3.828	3.212	3.756	3.103	2.893	3.45	4.03	4.009	4.014	2.558	2.011	2.159	2.731	2.979	2.525	3.196	2.159	2.201	1.863	1.439	1.461	1.27	0.847	1.206	1.736	1.63	1.776	2.034	1.058	0.847	1.312	1.206	1.143	1.249	1.101	1.058	0.931	1.312	1.588	1.418	1.65	1.568	1.486	1.689	1.333	1.566	1.312	0.762	1.185	0.931	0.974	0.635	1.058	1.249	0.995	0.995	0.975	0.929	1.398	1.228	1.503	1.333	1.291	1.524	1.503	1.545	1.588	2.309	2.051	1.179	2.314	2.709	2.392	2.656	3.503	1.566	2.032	1.539	1.198	1.01
06_04	84	156.3412	2.328	2.285	1.885	2.222	2.794	2.874	2.875	3.054	2.814	2.726	3.784	4.277	4.144	3.723	3.279	1.501	1.863	2.582	2.834	3.441	3.61	2.222	1.609	1.431	1.109	0.98	0.967	0.959	1.253	1.556	1.482	1.537	2.104	1.229	1.236	1.212	1.424	1.249	1.122	1.231	1.176	1.17	1.546	1.819	1.523	1.567	1.684	1.894	1.968	1.418	1.291	1.185	0.847	0.995	0.698	1.228	1.122	1.291	1.439	1.566	1.207	1.334	1.058	1.418	1.672	1.418	1.609	1.778	1.905	1.926	1.588	1.609	1.503	1.376	1.101	2.286	1.799	1.82	2.223	2.625	2.839	1.902	1.75	0.134	
07_01	78	121.7737	1.735	1.526	1.08	1.693	1.736	1.799	2.582	2.455	2.773	2.352	2.749	3.178	3.257	2.519	2.582	2.053	1.249	1.778	2.18	2.159	2.519	1.46	1.545	1.418	0.961	1.071	0.593	0.876	1.219	0.856	0.816	0.771	0.783	0.816	0.572	0.497	0.837	0.656	0.497	0.752	0.72	0.783	0.964	1.195	1.08	0.698	1.312	1.091	1.228	1.503	1.61	1.511	1.588	1.714	1.736	1.842	1.799	1.863	1.524	1.439	1.291	1.207	1.566	1.689	1.756	1.736	1.846	2.159	2.35	2.709	2.371	1.545	1.545	1.291	0.974	2.244	2.307	0.423							
07_02	83	129.2720	1.428	1.164	0.953	1.27	1.545	1.609	2.286	2.222	2.096	2.032	2.565	3.086	3.323	3.313	2.572	2.392	1.63	1.164	1.884	1.63	1.969	1.367	1.194	1.312	1.016	1.122	0.78	0.966	1.155	0.953	0.974	0.995	0.913	0.526	0.799	0.534	0.741	0.487	0.466	0.593	0.783	0.804	0.91	1.058	0.847	1.164	1.503	1.249	1.566	1.482	1.503	1.439	1.63	1.482	1.609	1.757	1.609	1.545	1.482	1.503	1.291	1.08	0.974	1.651	1.715	1.714	1.927	2.117	2.201	2.286	2.074	1.566	1.63	1.587	1.442	2.537	2.925	2.773	2.102	1.836	1.343	2.546	0.466		
07_03	78	123.6339	2.214	1.701	1.397	1.987	1.696	2.235	2.761	2.498	2.604	1.772	2.488	2.84	2.764	2.54	2.439	2.218	1.509	1.899	2.148	2.382	2.518	1.631	1.461	1.312	0.849	0.858	0.792	0.995	1.27	0.868	0.656	0.826	0.774	0.666	0.687	0.561	0.741	0.487	0.58	0.606	0.635	0.826	1.037	1.101	1.016	0.974	1.08	1.164	1.224	1.386	1.56	1.751	1.651	1.805	2.117	1.778	1.524	1.587	1.672	1.439	1.334	1.164	1.249	1.524	1.82	1.841	2.138	2.117	2.519	2.476	2.392	1.418	1.545	1.206	0.931	2.011	2.498	2.328							
07_04	78	112.8244	1.469	1.267	1.185	1.566	1.968	1.86	2.247	2.511	2.421	1.926	2.921	3.175	2.286	1.497	1.693	1.291	1.086	1.228	1.578	1.767	2.265	1.503	1.355	1.164	0.847	0.952	0.847	0.762	1.164	0.804	0.91	0.614	0.677	0.56	0.583	0.656	0.677	0.677	0.656	0.677	0.804	1.143	1.058	1.333	0.995	1.228	1.757	1.418	1.228	1.333	1.206	1.122	1.185	1.207	1.355	1.461	1.524	1.439	1.566	1.291	1.101	1.016	1.164	1.397	1.482	1.82	2.032	2.138	2.222	2.519	2.18	1.63	2.159	2.074	1.397	2.476	2.117	0.191							
08_01	68	103.5394	1.487	1.101	0.783	1.131	1.367	1.291	1.46	1.438	1.955	1.898	1.797	1.854	1.727	1.397	1.376	1.003	1.312	1.495	1.545	1.503	2.159	1.333	1.164	1.309	1.442	1.969	1.736	1.947	2.311	2.092	1.122	1.358	1.59	1.285	0.91	1.08	1.461	1.312	1.206	1.058	1.545	2.117	1.863	1.99	1.346	1.257	1.799	1.778	1.27	1.842	1.884	1.672	1.609	1.461	1.778	1.439	1.228	1.101	1.397	1.418	1.376	1.778	1.312	1.585	1.931	1.977	1.258	0.931																	
08_02	66	93.1080	1.554	1.247	0.699	1.016	1.291	0.804	0.889	0.974	1.352	1.166	1.249	1.27	1.482	1.333	1.291	1.27	1.588	1.854	1.821	1.489	1.778	1.153	1.557	1.505	1.565	2.138	1.884	2.222	2.714	2.721	1.762	1.482	1.884	1.185	0.974	1.037	0.974	0.783	0.741	0.699	1.037	1.016	1.207	1.019	0.982	1.127	1.528	1.418	1.482	1.82	1.566	1.355	1.058	0.91	1.206	1.249	1.715	1.693	1.651	1.564	1.441	1.884	1.397	1.49	2.109	0.847																			
08_03	68	103.0759	1.706	1.077	0.741	0.995	0.931	1.037	1.185	1.016	1.321	1.198	1.333	1.312	1.333	1.355	1.109	1.22	1.319	1.491	1.782	1.67	2	1.429	1.782	1.905	1.672	2.086	2.194	2.285	2.599	2.208	1.308	1.46	1.576	1.282	0.995	0.958	1.286	1.249	0.953	0.889	1.312	1.228	1.736	1.545	1.336	1.48	1.842	2.244	2.053	1.842	1.545	1.588	1.714	1.672	1.736	1.609	1.27	1.206	1.164	1.969	1.76	2.225	1.728	1.851	2.013	1.648	0.591	0.524																	
08_04	68	95.8134	1.691	1.161	0.638	1.101	1.122	1.159	1.191	1.315	1.479	1.164	1.29	1.47	1.537	1.306	1.234	1.249	1.263	1.362	1.185	1.101	1.334	1.058	1.652	1.927	1.628	1.671	2.52	2.687	2.496	3.298	2.124	1.376	1.969	0.91	0.868	1.524	1.482	0.889	1.079	0.783	1.228	1.08	1.524	1.198	1.13	1.079	1.185	1.291	1.355	1.312	1.164	1.122	1.122	1.037	1.312	1.185	1.229	1.332	1.545	1.82	1.609	1.947	1.228	1.508	1.674	1.636	1.122	0.432																	
09_01	64	128.3545	1.755	1.082	0.717	1.439	1.355	1.058	1.122	1.037	1.037	1.149	1.611	1.558	1.545	1.347	1.701	1.519	1.925	1.695	1.762	1.524	1.502	2.033	2.371	2.077	2.326	3.408	3.429	2.477	3.888	2.674	1.63	2.032	2.413	2.201	1.693	1.949	2.14	1.604	1.778	1.969	2.232	1.768	2.244	2.561	2.09	2.292	3.006	2.371	2.095	2.373	2.226	1.841	1.904	1.654	2.174	2.043	2.603	2.882	3.239	2.605	2.374	2.497	1.188	1.651																					
09_02	65	124.4445	1.651	1.249	0.783	1.27	1.185	1.122	1.143	1.08	1.101	1.249	1.482	1.587	1.418	1.27	1.524	1.355	1.524	1.503	1.5	1.421	2.011	1.968	1.905	1.503	2.011	2.349	2.223	2.631	3.681	2.718	1.45	1.826	2.172	2.096	1.621	1.931	2.53	1.955	2.186	1.926	1.969	1.714	2.138	2.407	1.996	2.138	2.561	2.299	2.425	2.248	2.019	1.783	2.138	1.979	2.339	2.293	2.46	2.846	2.688	2.744	2.154	2.583	1.855	1.755	0.91																				
09_03	71	123.1154	1.438	1.118	0.705	0.931	1.185	0.804	0.87	1.246	1.047	1.353	1.439	1.383	1.098	1.051	1.118	0.992	1.411	1.432	1.504	1.214	1.124	1.932	1.829	2.043	2.424	2.67	2.433	2.738	3.921	2.044	1.782	1.911	1.865	1.677	1.355	1.57	1.961	1.59	1.751	1.498	1.894	1.609	1.676	1.858	1.382	1.524	2.249	2.222	2.096	2.307	1.651	1.249	1.334	1.206	1.842	2.053	1.693	2.503	2.462	2.622	2.108	2.498	2.011	1.905	1.672	1.368	1.743	1.647	1.836	3.311	0.487														
09_04	69	120.4036	1.398	1.058	0.656	1.207	1.121	0.995	1.228	1.269	1.017	0.973	1.524	1.779	1.757	1.566	1.672	1.567	1.926	1.609	1.885	1.206	1.228	2.094	2.098	2.137	1.949	2.286	2.391	2.837	3.704	1.84	1.441	1.861	2.118	1.736	1.545	1.503	1.948	1.862	1.821	1.481	1.97	1.904	1.904	2.18	1.864	1.461	2.353	1.923	1.693	1.694	2.011	1.312	1.145	1.143	1.669	1.461	1.884	2.222	2.435	2.519	2.181	1.926	1.567	1.482	1.714	1.164	1.186	1.397	0.593																
10_01	61	62.1043	0.365	0.19	0.148	0.423	0.318	0.381	0.318	0.318	0.571	0.741	0.529	0.487	0.402	0.444	0.466	0.677	0.677	0.466	0.783	0.423	0.741	0.783	0.974	1.63	1.545	1.795	0.978	0.974	0.423	0.783	0.741	0.635	0.995	1.397	0.847	0.804	0.741	0.741	1.079	1.273	0.985	0.874	0.889	1.143	1.122	1.715	2.307	2.032	1.715	2.011	1.926	2.328	1.397	1.715	2.088	1.968	1.786	0.582	1.386	1.96	0.241																								
10_02	64	56.8655	0.37	0.275	0.208	0.194	0.148	0.233	0.339	0.402	0.55	0.444	0.571	0.72	0.614	0.656	0.55	0.635	0.423	0.741	0.635	0.445	0.55	0.72	0.847	0.889	0.825	0.974	1.545	1.312	1.418	0.614	0.635	0.868	0.974	0.804	0.55	0.889	0.931	0.572	0.466	0.603	0.9	0.889	0.953	0.889	0.804	0.677	1.08	0.656	1.228	1.482	1.418	1.651	1.905	1.714	2.082	1.453	1.458	1.686	1.48	1.446	0.519	1.721	1.406	0.487																					
10_03	64	57.2762	0.269	0.254	0.136	0.203	0.296	0.466	0.419	0.28	0.318	0.487	0.614	0.55	0.572	0.614	0.741	0.677	0.847	0.868	0.72	0.931	0.889	1.016	1.016	0.825	1.101	1.693	1.566	1.621	0.643	0.677	0.656	0.825	0.787	0.568	0.847	0.72	0.571	0.589	0.597	1.037	0.91	1.228	1.206	0.868	0.699	1.058	0.762	1.101	1.249	1.355	1.228	1.545	0.995	1.651	1.778	1.381	1.548	1.388	1.355	0.469	1.7	1.345	0.879	0.56																					
10_04	64	61.3979	0.44	0.259	0.221	0.205	0.184	0.169	0.339	0.339	0.423	0.381	0.43	0.607	0.55	0.593	0.508	0.466	0.717	0.765	0.593	0.487	0.804	0.783	0.699	0.804	0.571	0.792	1.324	1.482	1.609	0.826	0.783	0.868	0.635	0.571	0.423	0.55	0.762	0.593	0.614	0.656	0.699	0.847	1.016	0.953	0.656	0.699	1.089	1.109	1.718	2.123	2.386	2.667	2.659	2.272	1.82	1.395	1.304	2.121	1.782	1.857	0.581	1.607	1.123	0.824																					
11_01	57	39.2522	0.127	0.116	0.177	0.224	0.187	0.258	0.339	0.254	0.244	0.24	0.426	0.339	0.466	0.36	0.306	0.35	0.317	0.36	0.783	0.593	0.826	0.868	0.889	1.355	0.847	0.402	0.423	0.677	0.445	0.466	0.508	0.487	0.487	0.423	0.487	0.614	0.593	0.698	0.677	0.571	0.804	0.91	0.889	0.783	1.27	0.995	1.312	1.185	0.974	1.037	0.995	1.587	1.251	1.522	1.308	1.972	0.762																												
11_02	56	36.8972	0.161	0.084	0.124	0.211	0.144	0.254	0.247	0.296	0.212	0.264	0.26	0.344	0.296	0.212	0.216	0.25	0.36	0.402	0.423	0.593	0.656	0.868	0.931	1.207	0.656	0.445	0.635	0.635	0.508	0.571	0.593	0.593	0.508	0.445	0.698	0.677	0.656	0.677	0.741	0.656	0.593	0.931	0.952	0.931	1.461	1.228	1.334	1.355	0.995	0.995	0.804	1.398	1.129	1.326	1.649	0.764																													
11_03	58	39.2504	0.117	0.114	0.123	0.201	0.17	0.235	0.148	0.275	0.212	0.212	0.254	0.339	0.296	0.275	0.402	0.275	0.127	0.254	0.212	0.402	0.55	0.487	0.656	0.931	0.974	1.058	0.635	0.36	0.572	0.571	0.514	0.544	0.783	0.614	0.466	0.445	0.402	0.741	0.677	0.847	0.825	0.783	0.847	1.228	1.101	1.27	1.842	1.228	1.228	1.037	0.918	1.241	0.962	1.307	1.182	1.185	1.902	0.85																											
11_04	56	35.4128	0.214	0.104	0.132	0.145	0.177	0.204	0.339	0.317	0.212	0.212	0.318	0.317	0.381	0.223	0.137	0.169	0.177	0.225	0.36	0.445	0.656	0.72	0.741	0.931	0.48	0.345	0.423	0.444	0.402	0.317	0.444	0.444	0.423	0.347	0.415	0.546	0.576	0.826	0.825	0.635	0.804	0.952	1.143	1.164	1.482	1.334	1.249	0.995	0.741	0.952	1.503	1.291	1.143	1.143	2.128	0.645																													
12_01	68	63.3678	0.266	0.508	0.381	0.423	0.308	0.581	0.55	0.572	0.445	0.423	0.572	0.677	0.529	0.516	0.617	0.671	0.715	0.804	0.783	0.698	0.72	0.804	1.037	1.037	0.931	1.312	1.778	1.566	1.763	1.264	0.677	0.825	0.466	0.127	0.445	0.487	0.487	0.572	0.529	0.593	0.529	0.825	0.804	1.164	1.228	1.185	1.143	1.778	1.884	1.82	1.715	1.609	1.566	1.63	1.291	1.122	0.974	0.826	0.941	1.223	1.342	1.286	1.754	1.085	0.642	0.735	1.207	0.728																	
12_02	64	69.2350	0.589	0.423	0.381	0.55	0.487	0.699	0.614	0.783	0.614	0.445	0.614	0.699	0.593	0.762	0.635	0.868	0.762	0.847	0.783	0.804	0.783	0.804	1.122	1.037	1.503	1.63	1.926	1.947	2.095	1.461	0.931	1.037	0.699	0.614	0.741	0.677	0.635	0.508	0.445	0.635	0.762	0.72	1.058	1.439	1.397	1.312	1.778	1.503	1.969	2.138	2.138	1.905	1.587	1.122	1.143	1.164	1.143	1.524	1.587	1.569	1.401	1.77	1.558	0.581																					
12_03	63	65.3844	0.497	0.487	0.381	0.423	0.402	0.445	0.529	0.487	0.36	0.36	0.487	0.487	0.508	0.55	0.72	0.783	0.72	0.741	0.572	0.741	0.783	0.741	0.889	1.27	0.974	1.334	1.439	1.736	1.99	1.08	0.614	0.72	0.543	0.55	0.749	0.635	0.487	0.826	0.508	0.677	0.868	1.143	1.207	1.122	1.185	1.609	1.651	1.863	2.095	2.201	1.714	1.762	1.688	1.841	1.587	1.397	1.641	1.788	1.655	1.23	1.595	2.145	0.72																						
12_04	66	64.6270	0.552	0.423	0.318	0.324	0.362	0.52	0.548	0.528	0.446	0.467	0.529	0.635	0.532	0.633	0.614	0.64	0.821	0.741	0.741	0.91	0.712	0.748	0.847	0.889	0.953	1.355	1.482	1.524	1.637	1.326	0.804	0.868	0.627	0.664	0.677	0.656	0.529	0.458	0.515	0.572	0.704	0.877	1.129	1.545	1.183	1.315	1.355	1.482	1.809	2.086	1.99	1.545	1.778	1.566	1.736	1.693	1.333	1.569	1.458	1.503	1.079	1.461	1.143	0.621	0.692	0.572																			
13_01	72	112.4108	0.864	0.608	0.472	0.698	0.677	0.974	0.762	0.952	1.037	1.101	0.868	1.27	1.291	1.431	1.278	1.566	1.545	1.82	1.905	1.355	1.566	1.333	1.566	1.638	1.749	2.032	2.117	1.926	2.616	1.999	1.312	1.376	1.599	1.164	0.983	1.256	1.729	1.058	0.825	0.953	1.397	0.931	1.63	2.074	1.714	1.461	1.503	1.609	1.757	1.545	1.609	1.27	1.693	1.524	1.418	1.545	1.693	1.461	1.926	2.328	1.482	2.35	1.947	2.477	2.222	1.312	2.074	2.731	2.473	2.394	2.022	2.276													
13_02	75	108.5351	0.882	0.592	0.573	0.72	0.656	0.783	0.995	0.995	0.913	0.908	1.084	1.316	1.092	1.228	0.635	1.058	1.418	1.672	1.969	1.376	1.503	1.376	1.122	1.376	1.291	1.693	1.334	1.842	2.561	2.286	1.439	1.841	1.46	1.334	1.08	1.206	1.312	1.312	0.635	0.868	1.439	1.228	1.99	2.011	1.651	1.206	1.842	1.926	1.46	1.63	1.63	1.651	1.587	1.482	1.651	1.334	1.312	1.249	1.693	1.757	1.08	2.244	1.397	1.757	1.63	1.185	2.032	2.773	2.582	2.488	2.126	1.689	1.317	0.734	0.515										
13_03	73	113.3073	0.876	0.889	0.635	0.868	0.889	0.931	1.206	0.995	1.249	1.037	1.27	1.503	1.359	1.308	1.334	0.974	1.503	2.117	2.095	1.785	2.022	1.499	1.36	1.503	1.545	1.82	2.143	1.328	2.282	2.199	1.192	1.355	1.63	1.312	1.257	1.346	1.291	1.122	0.847	1.016	1.15	1.347	1.757	1.524	1.503	1.63	2.307	1.947	2.18	1.786	1.792	1.672	1.863	1.651	1.651	1.482	1.587	1.786	1.643	2.18	1.566	1.926	1.672	1.99	1.799	1.143	2.074	2.667	2.511	2.564	2.14	0.638	0.677												
13_04	70	103.4251	0.85	0.741	0.535	0.481	0.656	0.741	1.058	0.91	0.847	0.677	1.141	1.303	0.963	1.21	1.236	1.411	1.033	1.577	2.148	1.355	1.439	1.058	1.185	1.366	1.132	1.46	1.27	1.884	2.115	1.949	1.228	1.672	1.058	1.143	1.08	1.206	1.143	1.249	0.635	0.783	1.228	1.143	1.63	1.926	1.333	1.503	1.841	2.074	1.764	1.856	1.947	1.566	1.651	1.457	1.506	1.333	1.206	1.503	1.736	1.736	1.418	2.371	1.687	1.7	1.905	1.281	2.36	2.902	2.747	3.77															
14_01	67	83.1925	0.727	0.571	0.381	0.571	0.296	0.423	0.55	0.825	0.487	0.593	0.529	0.61	0.512	0.381	0.55	0.529	0.635	0.868	0.783	0.847	0.804	0.847	0.72	1.079	0.868	1.079	1.101	1.736	1.833	1.278	0.762	0.889	0.826	0.804	0.656	0.741	0.741	0.931	0.783	1.058	1.291	1.355	1.482	1.355	1.147	1.287	1.715	2.032	2.15	2.253	2.48	2.238	2.648	2.075	2.56	2.434	2.489	2.331	2.663	2.836	2.27	2.525	1.735	1.403	1.136	1.171	0.121																		
14_02	64	84.2471	0.732	0.476	0.371	0.52	0.326	0.55	0.614	0.635	0.72	0.571	0.826	0.72	0.762	0.656	0.614	0.783	0.804	1.016	0.952	1.228	0.825	0.91	0.867	1.123	1.022	1.328	1.122	1.587	1.655	1.37	0.955	1.173	1.071	1.016	0.635	0.847	0.826	0.804	0.825	0.826	1.185	1.376	1.483	1.735	1.63	1.439	1.799	1.969	2.18	2.49	2.759	2.54	2.328	2.096	2.286	2.582	2.54	2.473	2.573	2.666	2.076	2.411	1.53	0.855																					
14_03	64	82.3857	0.583	0.423	0.317	0.466	0.233	0.445	0.614	0.571	0.593	0.487	0.635	0.677	0.699	0.614	0.72	0.889	0.91	1.101	0.931	0.868	0.868	0.868	0.847	0.995	1.037	1.228	1.122	1.947	2.244	1.608	1.08	1.027	0.923	0.796	0.782	0.757	0.763	0.819	0.928	1.101	1.3	1.474	1.523	1.842	1.609	1.355	2.032	2.074	2.159	2.328	2.582	2.455	2.392	2.011	2.371	2.286	2.349	2.455	2.392	2.244	2.138	2.332	0.798	0.045																					
14_04	68	87.9919	0.654	0.55	0.381	0.55	0.381	0.508	0.593	0.698	0.55	0.593	0.699	0.804	0.635	0.55	0.55	0.635	0.804	0.889	0.974	1.08	0.952	0.974	0.974	1.251	1.267	1.46	1.334	1.799	1.674	1.543	0.91	1.291	1.312	0.783	0.91	0.931	0.931	0.91	0.931	0.868	1.397	1.323	1.64	1.693	1.333	1.27	1.968	2.117	2.046	2.484	2.625	2.434	2.201	2.096	2.201	2.265	2.212	2.391	2.314	2.443	2.2	2.395	1.625	1.472	1.388	1.16	0.614	0.085																	