plot	repID	d.cm	RingCount	PathLength	variable	value	radius	year
C	1	14	55	40.692	X1990	0.603	0.603	1990
C	1	20.7	51	54.9881	X1990	0.94	0.94	1990
C	1	27.2	55	83.3176	X1990	1.967	1.967	1990
C	2	10.6	54	38.1425	X1990	1.079	1.079	1990
C	2	14.7	56	51.6265	X1990	0.889	0.889	1990
C	2	25.7	58	65.2647	X1990	0.825	0.825	1990
C	3	14	58	44.6249	X1990	0.697	0.697	1990
C	3	23.5	49	66.7462	X1990	1.625	1.625	1990
C	3	25.5	55	67.2356	X1990	1.471	1.471	1990
C	57	18.1	55	42.9563	X1990	0.635	0.635	1990
E	54	17.2	58	63.5423	X1990	0.994	0.994	1990
E	56	17.8	60	56.3447	X1990	0.524	0.524	1990
E	80	25.5	37	60.8427	X1990	2.336	2.336	1990
E	82	26.1	47	65.3303	X1990	2.132	2.132	1990
E	88	28	49	60.0893	X1990	1.952	1.952	1990
F	1	12.3	64	45.7905	X1990	0.402	0.402	1990
F	1	18.2	50	65.5565	X1990	1.08	1.08	1990
F	1	30.3	34	79.375	X1990	2.368	2.368	1990
F	2	16	55	47.6059	X1990	0.671	0.671	1990
F	2	18.5	58	53.1488	X1990	0.898	0.898	1990
F	2	28	49	61.2615	X1990	1.37	1.37	1990
F	3	16.7	68	69.5974	X1990	0.257	0.257	1990
F	3	20.2	50	64.7459	X1990	1.238	1.238	1990
F	3	25.5	51	78.7512	X1990	0.751	0.751	1990
N	3	19	49	55.0077	X1990	1.86	1.86	1990
N	35	11.1	57	46.5744	X1990	0.772	0.772	1990
N	110	35	141	75.2227	X1990	0.418	0.418	1990
S	40	12.7	48	35.4506	X1990	0.845	0.845	1990
S	46	14.6	56	52.6239	X1990	0.661	0.661	1990
S	80	25.5	61	59.3595	X1990	1.016	1.016	1990
S	82	26.1	48	47.6494	X1990	0.825	0.825	1990
W	1	12.3	70	48.3875	X1990	0.611	0.611	1990
W	2	14.5	58	48.1658	X1990	0.762	0.762	1990
W	3	25.5	45	67.6176	X1990	1.077	1.077	1990
C	1	14	55	40.692	X1991	0.531	0.531	1991
C	1	20.7	51	54.9881	X1991	1.341	1.341	1991
C	1	27.2	55	83.3176	X1991	2.008	2.008	1991
C	2	10.6	54	38.1425	X1991	0.72	0.72	1991
C	2	14.7	56	51.6265	X1991	0.773	0.773	1991
C	2	25.7	58	65.2647	X1991	0.825	0.825	1991
C	3	14	58	44.6249	X1991	0.759	0.759	1991
C	3	23.5	49	66.7462	X1991	1.436	1.436	1991
C	3	25.5	55	67.2356	X1991	0.969	0.969	1991
C	57	18.1	55	42.9563	X1991	0.677	0.677	1991
E	54	17.2	58	63.5423	X1991	0.883	0.883	1991
E	56	17.8	60	56.3447	X1991	0.513	0.513	1991
E	80	25.5	37	60.8427	X1991	2.255	2.255	1991
E	82	26.1	47	65.3303	X1991	2.009	2.009	1991
E	88	28	49	60.0893	X1991	1.262	1.262	1991
F	1	12.3	64	45.7905	X1991	0.529	0.529	1991
F	1	18.2	50	65.5565	X1991	0.945	0.945	1991
F	1	30.3	34	79.375	X1991	1.736	1.736	1991
F	2	16	55	47.6059	X1991	0.669	0.669	1991
F	2	18.5	58	53.1488	X1991	0.82	0.82	1991
F	2	28	49	61.2615	X1991	1.079	1.079	1991
F	3	16.7	68	69.5974	X1991	0.413	0.413	1991
F	3	20.2	50	64.7459	X1991	1.213	1.213	1991
F	3	25.5	51	78.7512	X1991	1.691	1.691	1991
N	3	19	49	55.0077	X1991	1.5	1.5	1991
N	35	11.1	57	46.5744	X1991	1.441	1.441	1991
N	110	35	141	75.2227	X1991	0.437	0.437	1991
S	40	12.7	48	35.4506	X1991	0.804	0.804	1991
S	46	14.6	56	52.6239	X1991	0.748	0.748	1991
S	80	25.5	61	59.3595	X1991	1.079	1.079	1991
S	82	26.1	48	47.6494	X1991	0.762	0.762	1991
W	1	12.3	70	48.3875	X1991	0.59	0.59	1991
W	2	14.5	58	48.1658	X1991	0.706	0.706	1991
W	3	25.5	45	67.6176	X1991	1.349	1.349	1991
C	1	14	55	40.692	X1992	0.411	0.411	1992
C	1	20.7	51	54.9881	X1992	1.138	1.138	1992
C	1	27.2	55	83.3176	X1992	1.456	1.456	1992
C	2	10.6	54	38.1425	X1992	0.635	0.635	1992
C	2	14.7	56	51.6265	X1992	0.518	0.518	1992
C	2	25.7	58	65.2647	X1992	0.677	0.677	1992
C	3	14	58	44.6249	X1992	0.818	0.818	1992
C	3	23.5	49	66.7462	X1992	1.224	1.224	1992
C	3	25.5	55	67.2356	X1992	0.906	0.906	1992
C	57	18.1	55	42.9563	X1992	0.593	0.593	1992
E	54	17.2	58	63.5423	X1992	0.759	0.759	1992
E	56	17.8	60	56.3447	X1992	0.466	0.466	1992
E	80	25.5	37	60.8427	X1992	1.385	1.385	1992
E	82	26.1	47	65.3303	X1992	0.889	0.889	1992
E	88	28	49	60.0893	X1992	1.016	1.016	1992
F	1	12.3	64	45.7905	X1992	0.452	0.452	1992
F	1	18.2	50	65.5565	X1992	0.698	0.698	1992
F	1	30.3	34	79.375	X1992	1.228	1.228	1992
F	2	16	55	47.6059	X1992	0.542	0.542	1992
F	2	18.5	58	53.1488	X1992	0.683	0.683	1992
F	2	28	49	61.2615	X1992	0.953	0.953	1992
F	3	16.7	68	69.5974	X1992	0.388	0.388	1992
F	3	20.2	50	64.7459	X1992	0.726	0.726	1992
F	3	25.5	51	78.7512	X1992	1.211	1.211	1992
N	3	19	49	55.0077	X1992	1.162	1.162	1992
N	35	11.1	57	46.5744	X1992	1.213	1.213	1992
N	110	35	141	75.2227	X1992	0.426	0.426	1992
S	40	12.7	48	35.4506	X1992	0.74	0.74	1992
S	46	14.6	56	52.6239	X1992	0.829	0.829	1992
S	80	25.5	61	59.3595	X1992	0.677	0.677	1992
S	82	26.1	48	47.6494	X1992	0.74	0.74	1992
W	1	12.3	70	48.3875	X1992	0.4	0.4	1992
W	2	14.5	58	48.1658	X1992	0.415	0.415	1992
W	3	25.5	45	67.6176	X1992	1.306	1.306	1992
C	1	14	55	40.692	X1993	0.859	0.859	1993
C	1	20.7	51	54.9881	X1993	1.552	1.552	1993
C	1	27.2	55	83.3176	X1993	2.393	2.393	1993
C	2	10.6	54	38.1425	X1993	0.697	0.697	1993
C	2	14.7	56	51.6265	X1993	0.698	0.698	1993
C	2	25.7	58	65.2647	X1993	1.675	1.675	1993
C	3	14	58	44.6249	X1993	0.964	0.964	1993
C	3	23.5	49	66.7462	X1993	1.785	1.785	1993
C	3	25.5	55	67.2356	X1993	1.228	1.228	1993
C	57	18.1	55	42.9563	X1993	0.466	0.466	1993
E	54	17.2	58	63.5423	X1993	0.78	0.78	1993
E	56	17.8	60	56.3447	X1993	0.367	0.367	1993
E	80	25.5	37	60.8427	X1993	1.305	1.305	1993
E	82	26.1	47	65.3303	X1993	1.101	1.101	1993
E	88	28	49	60.0893	X1993	1.298	1.298	1993
F	1	12.3	64	45.7905	X1993	0.329	0.329	1993
F	1	18.2	50	65.5565	X1993	0.466	0.466	1993
F	1	30.3	34	79.375	X1993	1.354	1.354	1993
F	2	16	55	47.6059	X1993	0.419	0.419	1993
F	2	18.5	58	53.1488	X1993	0.381	0.381	1993
F	2	28	49	61.2615	X1993	0.819	0.819	1993
F	3	16.7	68	69.5974	X1993	0.395	0.395	1993
F	3	20.2	50	64.7459	X1993	1.042	1.042	1993
F	3	25.5	51	78.7512	X1993	1.579	1.579	1993
N	3	19	49	55.0077	X1993	0.951	0.951	1993
N	35	11.1	57	46.5744	X1993	0.985	0.985	1993
N	110	35	141	75.2227	X1993	0.294	0.294	1993
S	40	12.7	48	35.4506	X1993	0.867	0.867	1993
S	46	14.6	56	52.6239	X1993	0.7	0.7	1993
S	80	25.5	61	59.3595	X1993	0.697	0.697	1993
S	82	26.1	48	47.6494	X1993	0.592	0.592	1993
W	1	12.3	70	48.3875	X1993	0.337	0.337	1993
W	2	14.5	58	48.1658	X1993	0.546	0.546	1993
W	3	25.5	45	67.6176	X1993	0.95	0.95	1993
C	1	14	55	40.692	X1994	1.279	1.279	1994
C	1	20.7	51	54.9881	X1994	1.403	1.403	1994
C	1	27.2	55	83.3176	X1994	2.868	2.868	1994
C	2	10.6	54	38.1425	X1994	1.153	1.153	1994
C	2	14.7	56	51.6265	X1994	1.609	1.609	1994
C	2	25.7	58	65.2647	X1994	2.416	2.416	1994
C	3	14	58	44.6249	X1994	1.272	1.272	1994
C	3	23.5	49	66.7462	X1994	2.286	2.286	1994
C	3	25.5	55	67.2356	X1994	1.607	1.607	1994
C	57	18.1	55	42.9563	X1994	0.423	0.423	1994
E	54	17.2	58	63.5423	X1994	0.725	0.725	1994
E	56	17.8	60	56.3447	X1994	0.22	0.22	1994
E	80	25.5	37	60.8427	X1994	1.266	1.266	1994
E	82	26.1	47	65.3303	X1994	1.164	1.164	1994
E	88	28	49	60.0893	X1994	0.923	0.923	1994
F	1	12.3	64	45.7905	X1994	0.34	0.34	1994
F	1	18.2	50	65.5565	X1994	0.973	0.973	1994
F	1	30.3	34	79.375	X1994	1.375	1.375	1994
F	2	16	55	47.6059	X1994	0.516	0.516	1994
F	2	18.5	58	53.1488	X1994	0.529	0.529	1994
F	2	28	49	61.2615	X1994	0.713	0.713	1994
F	3	16.7	68	69.5974	X1994	0.556	0.556	1994
F	3	20.2	50	64.7459	X1994	0.834	0.834	1994
F	3	25.5	51	78.7512	X1994	1.5	1.5	1994
N	3	19	49	55.0077	X1994	1.118	1.118	1994
N	35	11.1	57	46.5744	X1994	0.798	0.798	1994
N	110	35	141	75.2227	X1994	0.434	0.434	1994
S	40	12.7	48	35.4506	X1994	0.867	0.867	1994
S	46	14.6	56	52.6239	X1994	0.532	0.532	1994
S	80	25.5	61	59.3595	X1994	0.909	0.909	1994
S	82	26.1	48	47.6494	X1994	0.444	0.444	1994
W	1	12.3	70	48.3875	X1994	0.359	0.359	1994
W	2	14.5	58	48.1658	X1994	0.645	0.645	1994
W	3	25.5	45	67.6176	X1994	0.908	0.908	1994
C	1	14	55	40.692	X1995	1.408	1.408	1995
C	1	20.7	51	54.9881	X1995	1.569	1.569	1995
C	1	27.2	55	83.3176	X1995	2.269	2.269	1995
C	2	10.6	54	38.1425	X1995	1.238	1.238	1995
C	2	14.7	56	51.6265	X1995	1.693	1.693	1995
C	2	25.7	58	65.2647	X1995	2.28	2.28	1995
C	3	14	58	44.6249	X1995	1.195	1.195	1995
C	3	23.5	49	66.7462	X1995	1.83	1.83	1995
C	3	25.5	55	67.2356	X1995	1.316	1.316	1995
C	57	18.1	55	42.9563	X1995	0.36	0.36	1995
E	54	17.2	58	63.5423	X1995	0.557	0.557	1995
E	56	17.8	60	56.3447	X1995	0.404	0.404	1995
E	80	25.5	37	60.8427	X1995	0.907	0.907	1995
E	82	26.1	47	65.3303	X1995	0.72	0.72	1995
E	88	28	49	60.0893	X1995	0.751	0.751	1995
F	1	12.3	64	45.7905	X1995	0.254	0.254	1995
F	1	18.2	50	65.5565	X1995	0.65	0.65	1995
F	1	30.3	34	79.375	X1995	0.994	0.994	1995
F	2	16	55	47.6059	X1995	0.302	0.302	1995
F	2	18.5	58	53.1488	X1995	0.339	0.339	1995
F	2	28	49	61.2615	X1995	0.551	0.551	1995
F	3	16.7	68	69.5974	X1995	0.656	0.656	1995
F	3	20.2	50	64.7459	X1995	0.444	0.444	1995
F	3	25.5	51	78.7512	X1995	0.856	0.856	1995
N	3	19	49	55.0077	X1995	0.776	0.776	1995
N	35	11.1	57	46.5744	X1995	0.78	0.78	1995
N	110	35	141	75.2227	X1995	0.32	0.32	1995
S	40	12.7	48	35.4506	X1995	0.55	0.55	1995
S	46	14.6	56	52.6239	X1995	0.579	0.579	1995
S	80	25.5	61	59.3595	X1995	0.612	0.612	1995
S	82	26.1	48	47.6494	X1995	0.635	0.635	1995
W	1	12.3	70	48.3875	X1995	0.401	0.401	1995
W	2	14.5	58	48.1658	X1995	0.464	0.464	1995
W	3	25.5	45	67.6176	X1995	1.118	1.118	1995
C	1	14	55	40.692	X1996	1.631	1.631	1996
C	1	20.7	51	54.9881	X1996	1.596	1.596	1996
C	1	27.2	55	83.3176	X1996	2.021	2.021	1996
C	2	10.6	54	38.1425	X1996	1.463	1.463	1996
C	2	14.7	56	51.6265	X1996	1.566	1.566	1996
C	2	25.7	58	65.2647	X1996	1.626	1.626	1996
C	3	14	58	44.6249	X1996	1.099	1.099	1996
C	3	23.5	49	66.7462	X1996	1.541	1.541	1996
C	3	25.5	55	67.2356	X1996	1.353	1.353	1996
C	57	18.1	55	42.9563	X1996	0.381	0.381	1996
E	54	17.2	58	63.5423	X1996	0.575	0.575	1996
E	56	17.8	60	56.3447	X1996	0.36	0.36	1996
E	80	25.5	37	60.8427	X1996	0.909	0.909	1996
E	82	26.1	47	65.3303	X1996	0.55	0.55	1996
E	88	28	49	60.0893	X1996	0.668	0.668	1996
F	1	12.3	64	45.7905	X1996	0.182	0.182	1996
F	1	18.2	50	65.5565	X1996	0.555	0.555	1996
F	1	30.3	34	79.375	X1996	0.952	0.952	1996
F	2	16	55	47.6059	X1996	0.208	0.208	1996
F	2	18.5	58	53.1488	X1996	0.36	0.36	1996
F	2	28	49	61.2615	X1996	0.378	0.378	1996
F	3	16.7	68	69.5974	X1996	0.783	0.783	1996
F	3	20.2	50	64.7459	X1996	0.557	0.557	1996
F	3	25.5	51	78.7512	X1996	0.743	0.743	1996
N	3	19	49	55.0077	X1996	1.048	1.048	1996
N	35	11.1	57	46.5744	X1996	0.474	0.474	1996
N	110	35	141	75.2227	X1996	0.253	0.253	1996
S	40	12.7	48	35.4506	X1996	0.571	0.571	1996
S	46	14.6	56	52.6239	X1996	0.53	0.53	1996
S	80	25.5	61	59.3595	X1996	0.591	0.591	1996
S	82	26.1	48	47.6494	X1996	0.496	0.496	1996
W	1	12.3	70	48.3875	X1996	0.296	0.296	1996
W	2	14.5	58	48.1658	X1996	0.354	0.354	1996
W	3	25.5	45	67.6176	X1996	1.007	1.007	1996
C	1	14	55	40.692	X1997	1.301	1.301	1997
C	1	20.7	51	54.9881	X1997	1.62	1.62	1997
C	1	27.2	55	83.3176	X1997	1.878	1.878	1997
C	2	10.6	54	38.1425	X1997	1.259	1.259	1997
C	2	14.7	56	51.6265	X1997	1.482	1.482	1997
C	2	25.7	58	65.2647	X1997	1.877	1.877	1997
C	3	14	58	44.6249	X1997	1.228	1.228	1997
C	3	23.5	49	66.7462	X1997	1.736	1.736	1997
C	3	25.5	55	67.2356	X1997	1.164	1.164	1997
C	57	18.1	55	42.9563	X1997	0.55	0.55	1997
E	54	17.2	58	63.5423	X1997	0.613	0.613	1997
E	56	17.8	60	56.3447	X1997	0.483	0.483	1997
E	80	25.5	37	60.8427	X1997	0.867	0.867	1997
E	82	26.1	47	65.3303	X1997	0.801	0.801	1997
E	88	28	49	60.0893	X1997	0.804	0.804	1997
F	1	12.3	64	45.7905	X1997	0.263	0.263	1997
F	1	18.2	50	65.5565	X1997	0.655	0.655	1997
F	1	30.3	34	79.375	X1997	1.1	1.1	1997
F	2	16	55	47.6059	X1997	0.603	0.603	1997
F	2	18.5	58	53.1488	X1997	0.571	0.571	1997
F	2	28	49	61.2615	X1997	0.723	0.723	1997
F	3	16.7	68	69.5974	X1997	0.677	0.677	1997
F	3	20.2	50	64.7459	X1997	0.764	0.764	1997
F	3	25.5	51	78.7512	X1997	0.802	0.802	1997
N	3	19	49	55.0077	X1997	1.286	1.286	1997
N	35	11.1	57	46.5744	X1997	0.473	0.473	1997
N	110	35	141	75.2227	X1997	0.307	0.307	1997
S	40	12.7	48	35.4506	X1997	0.828	0.828	1997
S	46	14.6	56	52.6239	X1997	0.406	0.406	1997
S	80	25.5	61	59.3595	X1997	0.845	0.845	1997
S	82	26.1	48	47.6494	X1997	0.371	0.371	1997
W	1	12.3	70	48.3875	X1997	0.359	0.359	1997
W	2	14.5	58	48.1658	X1997	0.656	0.656	1997
W	3	25.5	45	67.6176	X1997	1.005	1.005	1997
C	1	14	55	40.692	X1998	0.996	0.996	1998
C	1	20.7	51	54.9881	X1998	1	1	1998
C	1	27.2	55	83.3176	X1998	1.122	1.122	1998
C	2	10.6	54	38.1425	X1998	0.951	0.951	1998
C	2	14.7	56	51.6265	X1998	1.079	1.079	1998
C	2	25.7	58	65.2647	X1998	1.557	1.557	1998
C	3	14	58	44.6249	X1998	0.804	0.804	1998
C	3	23.5	49	66.7462	X1998	1.379	1.379	1998
C	3	25.5	55	67.2356	X1998	0.931	0.931	1998
C	57	18.1	55	42.9563	X1998	0.487	0.487	1998
E	54	17.2	58	63.5423	X1998	0.517	0.517	1998
E	56	17.8	60	56.3447	X1998	0.427	0.427	1998
E	80	25.5	37	60.8427	X1998	1.036	1.036	1998
E	82	26.1	47	65.3303	X1998	0.907	0.907	1998
E	88	28	49	60.0893	X1998	0.72	0.72	1998
F	1	12.3	64	45.7905	X1998	0.317	0.317	1998
F	1	18.2	50	65.5565	X1998	0.55	0.55	1998
F	1	30.3	34	79.375	X1998	1.269	1.269	1998
F	2	16	55	47.6059	X1998	0.521	0.521	1998
F	2	18.5	58	53.1488	X1998	0.691	0.691	1998
F	2	28	49	61.2615	X1998	0.804	0.804	1998
F	3	16.7	68	69.5974	X1998	0.889	0.889	1998
F	3	20.2	50	64.7459	X1998	1.001	1.001	1998
F	3	25.5	51	78.7512	X1998	1.044	1.044	1998
N	3	19	49	55.0077	X1998	1.182	1.182	1998
N	35	11.1	57	46.5744	X1998	0.404	0.404	1998
N	110	35	141	75.2227	X1998	0.222	0.222	1998
S	40	12.7	48	35.4506	X1998	0.611	0.611	1998
S	46	14.6	56	52.6239	X1998	0.505	0.505	1998
S	80	25.5	61	59.3595	X1998	0.782	0.782	1998
S	82	26.1	48	47.6494	X1998	0.739	0.739	1998
W	1	12.3	70	48.3875	X1998	0.465	0.465	1998
W	2	14.5	58	48.1658	X1998	1.079	1.079	1998
W	3	25.5	45	67.6176	X1998	1.316	1.316	1998
C	1	14	55	40.692	X1999	0.8	0.8	1999
C	1	20.7	51	54.9881	X1999	1.004	1.004	1999
C	1	27.2	55	83.3176	X1999	1.427	1.427	1999
C	2	10.6	54	38.1425	X1999	0.995	0.995	1999
C	2	14.7	56	51.6265	X1999	1.185	1.185	1999
C	2	25.7	58	65.2647	X1999	1.417	1.417	1999
C	3	14	58	44.6249	X1999	0.868	0.868	1999
C	3	23.5	49	66.7462	X1999	1.324	1.324	1999
C	3	25.5	55	67.2356	X1999	0.931	0.931	1999
C	57	18.1	55	42.9563	X1999	0.677	0.677	1999
E	54	17.2	58	63.5423	X1999	0.688	0.688	1999
E	56	17.8	60	56.3447	X1999	0.472	0.472	1999
E	80	25.5	37	60.8427	X1999	1.523	1.523	1999
E	82	26.1	47	65.3303	X1999	1.375	1.375	1999
E	88	28	49	60.0893	X1999	0.973	0.973	1999
F	1	12.3	64	45.7905	X1999	0.381	0.381	1999
F	1	18.2	50	65.5565	X1999	0.783	0.783	1999
F	1	30.3	34	79.375	X1999	1.46	1.46	1999
F	2	16	55	47.6059	X1999	0.686	0.686	1999
F	2	18.5	58	53.1488	X1999	0.786	0.786	1999
F	2	28	49	61.2615	X1999	0.766	0.766	1999
F	3	16.7	68	69.5974	X1999	0.995	0.995	1999
F	3	20.2	50	64.7459	X1999	1.068	1.068	1999
F	3	25.5	51	78.7512	X1999	1.164	1.164	1999
N	3	19	49	55.0077	X1999	1.33	1.33	1999
N	35	11.1	57	46.5744	X1999	0.439	0.439	1999
N	110	35	141	75.2227	X1999	0.306	0.306	1999
S	40	12.7	48	35.4506	X1999	0.614	0.614	1999
S	46	14.6	56	52.6239	X1999	0.533	0.533	1999
S	80	25.5	61	59.3595	X1999	1.121	1.121	1999
S	82	26.1	48	47.6494	X1999	0.634	0.634	1999
W	1	12.3	70	48.3875	X1999	0.614	0.614	1999
W	2	14.5	58	48.1658	X1999	1.333	1.333	1999
W	3	25.5	45	67.6176	X1999	1.596	1.596	1999
C	1	14	55	40.692	X2000	0.571	0.571	2000
C	1	20.7	51	54.9881	X2000	0.94	0.94	2000
C	1	27.2	55	83.3176	X2000	1.15	1.15	2000
C	2	10.6	54	38.1425	X2000	0.76	0.76	2000
C	2	14.7	56	51.6265	X2000	0.91	0.91	2000
C	2	25.7	58	65.2647	X2000	1.227	1.227	2000
C	3	14	58	44.6249	X2000	0.995	0.995	2000
C	3	23.5	49	66.7462	X2000	1.239	1.239	2000
C	3	25.5	55	67.2356	X2000	0.846	0.846	2000
C	57	18.1	55	42.9563	X2000	0.846	0.846	2000
E	54	17.2	58	63.5423	X2000	0.84	0.84	2000
E	56	17.8	60	56.3447	X2000	0.549	0.549	2000
E	80	25.5	37	60.8427	X2000	1.29	1.29	2000
E	82	26.1	47	65.3303	X2000	1.524	1.524	2000
E	88	28	49	60.0893	X2000	1.248	1.248	2000
F	1	12.3	64	45.7905	X2000	0.508	0.508	2000
F	1	18.2	50	65.5565	X2000	0.825	0.825	2000
F	1	30.3	34	79.375	X2000	1.65	1.65	2000
F	2	16	55	47.6059	X2000	0.567	0.567	2000
F	2	18.5	58	53.1488	X2000	0.953	0.953	2000
F	2	28	49	61.2615	X2000	0.741	0.741	2000
F	3	16.7	68	69.5974	X2000	0.995	0.995	2000
F	3	20.2	50	64.7459	X2000	1.279	1.279	2000
F	3	25.5	51	78.7512	X2000	1.035	1.035	2000
N	3	19	49	55.0077	X2000	1.435	1.435	2000
N	35	11.1	57	46.5744	X2000	0.334	0.334	2000
N	110	35	141	75.2227	X2000	0.191	0.191	2000
S	40	12.7	48	35.4506	X2000	0.55	0.55	2000
S	46	14.6	56	52.6239	X2000	0.65	0.65	2000
S	80	25.5	61	59.3595	X2000	0.973	0.973	2000
S	82	26.1	48	47.6494	X2000	0.847	0.847	2000
W	1	12.3	70	48.3875	X2000	0.963	0.963	2000
W	2	14.5	58	48.1658	X2000	1.482	1.482	2000
W	3	25.5	45	67.6176	X2000	1.801	1.801	2000
C	1	14	55	40.692	X2001	0.343	0.343	2001
C	1	20.7	51	54.9881	X2001	0.958	0.958	2001
C	1	27.2	55	83.3176	X2001	1.604	1.604	2001
C	2	10.6	54	38.1425	X2001	0.592	0.592	2001
C	2	14.7	56	51.6265	X2001	0.847	0.847	2001
C	2	25.7	58	65.2647	X2001	1.312	1.312	2001
C	3	14	58	44.6249	X2001	0.931	0.931	2001
C	3	23.5	49	66.7462	X2001	1.064	1.064	2001
C	3	25.5	55	67.2356	X2001	0.684	0.684	2001
C	57	18.1	55	42.9563	X2001	1.058	1.058	2001
E	54	17.2	58	63.5423	X2001	0.968	0.968	2001
E	56	17.8	60	56.3447	X2001	0.466	0.466	2001
E	80	25.5	37	60.8427	X2001	1.586	1.586	2001
E	82	26.1	47	65.3303	X2001	1.672	1.672	2001
E	88	28	49	60.0893	X2001	1.247	1.247	2001
F	1	12.3	64	45.7905	X2001	0.531	0.531	2001
F	1	18.2	50	65.5565	X2001	0.867	0.867	2001
F	1	30.3	34	79.375	X2001	1.312	1.312	2001
F	2	16	55	47.6059	X2001	0.585	0.585	2001
F	2	18.5	58	53.1488	X2001	0.804	0.804	2001
F	2	28	49	61.2615	X2001	0.913	0.913	2001
F	3	16.7	68	69.5974	X2001	1.312	1.312	2001
F	3	20.2	50	64.7459	X2001	1.505	1.505	2001
F	3	25.5	51	78.7512	X2001	1.433	1.433	2001
N	3	19	49	55.0077	X2001	1.453	1.453	2001
N	35	11.1	57	46.5744	X2001	0.313	0.313	2001
N	110	35	141	75.2227	X2001	0.34	0.34	2001
S	40	12.7	48	35.4506	X2001	0.486	0.486	2001
S	46	14.6	56	52.6239	X2001	0.885	0.885	2001
S	80	25.5	61	59.3595	X2001	1.185	1.185	2001
S	82	26.1	48	47.6494	X2001	1.228	1.228	2001
W	1	12.3	70	48.3875	X2001	0.878	0.878	2001
W	2	14.5	58	48.1658	X2001	1.35	1.35	2001
W	3	25.5	45	67.6176	X2001	2.008	2.008	2001
C	1	14	55	40.692	X2002	0.487	0.487	2002
C	1	20.7	51	54.9881	X2002	1.255	1.255	2002
C	1	27.2	55	83.3176	X2002	1.667	1.667	2002
C	2	10.6	54	38.1425	X2002	0.804	0.804	2002
C	2	14.7	56	51.6265	X2002	0.974	0.974	2002
C	2	25.7	58	65.2647	X2002	1.396	1.396	2002
C	3	14	58	44.6249	X2002	0.698	0.698	2002
C	3	23.5	49	66.7462	X2002	0.924	0.924	2002
C	3	25.5	55	67.2356	X2002	0.829	0.829	2002
C	57	18.1	55	42.9563	X2002	1.524	1.524	2002
E	54	17.2	58	63.5423	X2002	1.059	1.059	2002
E	56	17.8	60	56.3447	X2002	0.465	0.465	2002
E	80	25.5	37	60.8427	X2002	2.031	2.031	2002
E	82	26.1	47	65.3303	X2002	1.904	1.904	2002
E	88	28	49	60.0893	X2002	1.651	1.651	2002
F	1	12.3	64	45.7905	X2002	0.506	0.506	2002
F	1	18.2	50	65.5565	X2002	1.332	1.332	2002
F	1	30.3	34	79.375	X2002	1.99	1.99	2002
F	2	16	55	47.6059	X2002	0.815	0.815	2002
F	2	18.5	58	53.1488	X2002	1.101	1.101	2002
F	2	28	49	61.2615	X2002	0.873	0.873	2002
F	3	16.7	68	69.5974	X2002	1.736	1.736	2002
F	3	20.2	50	64.7459	X2002	1.771	1.771	2002
F	3	25.5	51	78.7512	X2002	1.646	1.646	2002
N	3	19	49	55.0077	X2002	1.688	1.688	2002
N	35	11.1	57	46.5744	X2002	0.258	0.258	2002
N	110	35	141	75.2227	X2002	0.348	0.348	2002
S	40	12.7	48	35.4506	X2002	0.465	0.465	2002
S	46	14.6	56	52.6239	X2002	0.788	0.788	2002
S	80	25.5	61	59.3595	X2002	1.672	1.672	2002
S	82	26.1	48	47.6494	X2002	1.46	1.46	2002
W	1	12.3	70	48.3875	X2002	0.889	0.889	2002
W	2	14.5	58	48.1658	X2002	1.857	1.857	2002
W	3	25.5	45	67.6176	X2002	2.094	2.094	2002
C	1	14	55	40.692	X2003	0.423	0.423	2003
C	1	20.7	51	54.9881	X2003	1.061	1.061	2003
C	1	27.2	55	83.3176	X2003	1.401	1.401	2003
C	2	10.6	54	38.1425	X2003	0.762	0.762	2003
C	2	14.7	56	51.6265	X2003	0.614	0.614	2003
C	2	25.7	58	65.2647	X2003	1.584	1.584	2003
C	3	14	58	44.6249	X2003	0.571	0.571	2003
C	3	23.5	49	66.7462	X2003	0.994	0.994	2003
C	3	25.5	55	67.2356	X2003	0.613	0.613	2003
C	57	18.1	55	42.9563	X2003	0.995	0.995	2003
E	54	17.2	58	63.5423	X2003	1.146	1.146	2003
E	56	17.8	60	56.3447	X2003	0.703	0.703	2003
E	80	25.5	37	60.8427	X2003	2.199	2.199	2003
E	82	26.1	47	65.3303	X2003	2.325	2.325	2003
E	88	28	49	60.0893	X2003	1.417	1.417	2003
F	1	12.3	64	45.7905	X2003	0.762	0.762	2003
F	1	18.2	50	65.5565	X2003	1.354	1.354	2003
F	1	30.3	34	79.375	X2003	1.608	1.608	2003
F	2	16	55	47.6059	X2003	0.795	0.795	2003
F	2	18.5	58	53.1488	X2003	0.91	0.91	2003
F	2	28	49	61.2615	X2003	1.105	1.105	2003
F	3	16.7	68	69.5974	X2003	1.696	1.696	2003
F	3	20.2	50	64.7459	X2003	1.729	1.729	2003
F	3	25.5	51	78.7512	X2003	1.906	1.906	2003
N	3	19	49	55.0077	X2003	1.65	1.65	2003
N	35	11.1	57	46.5744	X2003	0.294	0.294	2003
N	110	35	141	75.2227	X2003	0.215	0.215	2003
S	40	12.7	48	35.4506	X2003	0.443	0.443	2003
S	46	14.6	56	52.6239	X2003	0.976	0.976	2003
S	80	25.5	61	59.3595	X2003	1.418	1.418	2003
S	82	26.1	48	47.6494	X2003	1.736	1.736	2003
W	1	12.3	70	48.3875	X2003	0.826	0.826	2003
W	2	14.5	58	48.1658	X2003	1.478	1.478	2003
W	3	25.5	45	67.6176	X2003	3.005	3.005	2003
C	1	14	55	40.692	X2004	0.715	0.715	2004
C	1	20.7	51	54.9881	X2004	1.355	1.355	2004
C	1	27.2	55	83.3176	X2004	1.697	1.697	2004
C	2	10.6	54	38.1425	X2004	0.762	0.762	2004
C	2	14.7	56	51.6265	X2004	1.164	1.164	2004
C	2	25.7	58	65.2647	X2004	1.308	1.308	2004
C	3	14	58	44.6249	X2004	0.55	0.55	2004
C	3	23.5	49	66.7462	X2004	1.016	1.016	2004
C	3	25.5	55	67.2356	X2004	0.667	0.667	2004
C	57	18.1	55	42.9563	X2004	1.524	1.524	2004
E	54	17.2	58	63.5423	X2004	1.176	1.176	2004
E	56	17.8	60	56.3447	X2004	0.637	0.637	2004
E	80	25.5	37	60.8427	X2004	2.646	2.646	2004
E	82	26.1	47	65.3303	X2004	2.048	2.048	2004
E	88	28	49	60.0893	X2004	1.895	1.895	2004
F	1	12.3	64	45.7905	X2004	0.762	0.762	2004
F	1	18.2	50	65.5565	X2004	1.46	1.46	2004
F	1	30.3	34	79.375	X2004	1.883	1.883	2004
F	2	16	55	47.6059	X2004	0.879	0.879	2004
F	2	18.5	58	53.1488	X2004	1.27	1.27	2004
F	2	28	49	61.2615	X2004	0.911	0.911	2004
F	3	16.7	68	69.5974	X2004	1.641	1.641	2004
F	3	20.2	50	64.7459	X2004	1.755	1.755	2004
F	3	25.5	51	78.7512	X2004	1.938	1.938	2004
N	3	19	49	55.0077	X2004	1.184	1.184	2004
N	35	11.1	57	46.5744	X2004	0.309	0.309	2004
N	110	35	141	75.2227	X2004	0.177	0.177	2004
S	40	12.7	48	35.4506	X2004	0.696	0.696	2004
S	46	14.6	56	52.6239	X2004	0.997	0.997	2004
S	80	25.5	61	59.3595	X2004	1.418	1.418	2004
S	82	26.1	48	47.6494	X2004	1.761	1.761	2004
W	1	12.3	70	48.3875	X2004	0.931	0.931	2004
W	2	14.5	58	48.1658	X2004	1.709	1.709	2004
W	3	25.5	45	67.6176	X2004	2.455	2.455	2004
C	1	14	55	40.692	X2005	0.723	0.723	2005
C	1	20.7	51	54.9881	X2005	1.805	1.805	2005
C	1	27.2	55	83.3176	X2005	1.79	1.79	2005
C	2	10.6	54	38.1425	X2005	0.804	0.804	2005
C	2	14.7	56	51.6265	X2005	1.058	1.058	2005
C	2	25.7	58	65.2647	X2005	1.202	1.202	2005
C	3	14	58	44.6249	X2005	1.036	1.036	2005
C	3	23.5	49	66.7462	X2005	1.206	1.206	2005
C	3	25.5	55	67.2356	X2005	0.815	0.815	2005
C	57	18.1	55	42.9563	X2005	1.375	1.375	2005
E	54	17.2	58	63.5423	X2005	1.077	1.077	2005
E	56	17.8	60	56.3447	X2005	0.865	0.865	2005
E	80	25.5	37	60.8427	X2005	2.549	2.549	2005
E	82	26.1	47	65.3303	X2005	1.713	1.713	2005
E	88	28	49	60.0893	X2005	1.595	1.595	2005
F	1	12.3	64	45.7905	X2005	0.974	0.974	2005
F	1	18.2	50	65.5565	X2005	1.672	1.672	2005
F	1	30.3	34	79.375	X2005	1.63	1.63	2005
F	2	16	55	47.6059	X2005	1.046	1.046	2005
F	2	18.5	58	53.1488	X2005	1.297	1.297	2005
F	2	28	49	61.2615	X2005	0.996	0.996	2005
F	3	16.7	68	69.5974	X2005	1.255	1.255	2005
F	3	20.2	50	64.7459	X2005	1.51	1.51	2005
F	3	25.5	51	78.7512	X2005	1.797	1.797	2005
N	3	19	49	55.0077	X2005	1.438	1.438	2005
N	35	11.1	57	46.5744	X2005	0.533	0.533	2005
N	110	35	141	75.2227	X2005	0.323	0.323	2005
S	40	12.7	48	35.4506	X2005	0.759	0.759	2005
S	46	14.6	56	52.6239	X2005	1.235	1.235	2005
S	80	25.5	61	59.3595	X2005	1.291	1.291	2005
S	82	26.1	48	47.6494	X2005	1.772	1.772	2005
W	1	12.3	70	48.3875	X2005	1.016	1.016	2005
W	2	14.5	58	48.1658	X2005	1.201	1.201	2005
W	3	25.5	45	67.6176	X2005	2.286	2.286	2005
C	1	14	55	40.692	X2006	0.825	0.825	2006
C	1	20.7	51	54.9881	X2006	1.208	1.208	2006
C	1	27.2	55	83.3176	X2006	1.356	1.356	2006
C	2	10.6	54	38.1425	X2006	0.72	0.72	2006
C	2	14.7	56	51.6265	X2006	0.825	0.825	2006
C	2	25.7	58	65.2647	X2006	1.013	1.013	2006
C	3	14	58	44.6249	X2006	0.867	0.867	2006
C	3	23.5	49	66.7462	X2006	0.931	0.931	2006
C	3	25.5	55	67.2356	X2006	0.909	0.909	2006
C	57	18.1	55	42.9563	X2006	1.015	1.015	2006
E	54	17.2	58	63.5423	X2006	1.181	1.181	2006
E	56	17.8	60	56.3447	X2006	0.985	0.985	2006
E	80	25.5	37	60.8427	X2006	2.352	2.352	2006
E	82	26.1	47	65.3303	X2006	1.883	1.883	2006
E	88	28	49	60.0893	X2006	1.193	1.193	2006
F	1	12.3	64	45.7905	X2006	1.185	1.185	2006
F	1	18.2	50	65.5565	X2006	1.269	1.269	2006
F	1	30.3	34	79.375	X2006	1.609	1.609	2006
F	2	16	55	47.6059	X2006	1.002	1.002	2006
F	2	18.5	58	53.1488	X2006	0.777	0.777	2006
F	2	28	49	61.2615	X2006	0.77	0.77	2006
F	3	16.7	68	69.5974	X2006	1.185	1.185	2006
F	3	20.2	50	64.7459	X2006	1.17	1.17	2006
F	3	25.5	51	78.7512	X2006	1.269	1.269	2006
N	3	19	49	55.0077	X2006	1.475	1.475	2006
N	35	11.1	57	46.5744	X2006	0.581	0.581	2006
N	110	35	141	75.2227	X2006	0.273	0.273	2006
S	40	12.7	48	35.4506	X2006	0.569	0.569	2006
S	46	14.6	56	52.6239	X2006	1.268	1.268	2006
S	80	25.5	61	59.3595	X2006	1.164	1.164	2006
S	82	26.1	48	47.6494	X2006	1.774	1.774	2006
W	1	12.3	70	48.3875	X2006	0.752	0.752	2006
W	2	14.5	58	48.1658	X2006	0.948	0.948	2006
W	3	25.5	45	67.6176	X2006	2.074	2.074	2006
C	1	14	55	40.692	X2007	0.569	0.569	2007
C	1	20.7	51	54.9881	X2007	0.92	0.92	2007
C	1	27.2	55	83.3176	X2007	1.161	1.161	2007
C	2	10.6	54	38.1425	X2007	0.629	0.629	2007
C	2	14.7	56	51.6265	X2007	0.741	0.741	2007
C	2	25.7	58	65.2647	X2007	0.803	0.803	2007
C	3	14	58	44.6249	X2007	0.782	0.782	2007
C	3	23.5	49	66.7462	X2007	0.868	0.868	2007
C	3	25.5	55	67.2356	X2007	0.885	0.885	2007
C	57	18.1	55	42.9563	X2007	0.973	0.973	2007
E	54	17.2	58	63.5423	X2007	0.739	0.739	2007
E	56	17.8	60	56.3447	X2007	0.921	0.921	2007
E	80	25.5	37	60.8427	X2007	1.605	1.605	2007
E	82	26.1	47	65.3303	X2007	1.543	1.543	2007
E	88	28	49	60.0893	X2007	1.296	1.296	2007
F	1	12.3	64	45.7905	X2007	1.249	1.249	2007
F	1	18.2	50	65.5565	X2007	2.051	2.051	2007
F	1	30.3	34	79.375	X2007	2.091	2.091	2007
F	2	16	55	47.6059	X2007	1.065	1.065	2007
F	2	18.5	58	53.1488	X2007	0.947	0.947	2007
F	2	28	49	61.2615	X2007	1.257	1.257	2007
F	3	16.7	68	69.5974	X2007	0.995	0.995	2007
F	3	20.2	50	64.7459	X2007	0.984	0.984	2007
F	3	25.5	51	78.7512	X2007	1.417	1.417	2007
N	3	19	49	55.0077	X2007	0.994	0.994	2007
N	35	11.1	57	46.5744	X2007	0.694	0.694	2007
N	110	35	141	75.2227	X2007	0.172	0.172	2007
S	40	12.7	48	35.4506	X2007	0.759	0.759	2007
S	46	14.6	56	52.6239	X2007	1.263	1.263	2007
S	80	25.5	61	59.3595	X2007	0.889	0.889	2007
S	82	26.1	48	47.6494	X2007	1.587	1.587	2007
W	1	12.3	70	48.3875	X2007	0.581	0.581	2007
W	2	14.5	58	48.1658	X2007	0.632	0.632	2007
W	3	25.5	45	67.6176	X2007	1.925	1.925	2007
C	1	14	55	40.692	X2008	0.434	0.434	2008
C	1	20.7	51	54.9881	X2008	0.988	0.988	2008
C	1	27.2	55	83.3176	X2008	1.248	1.248	2008
C	2	10.6	54	38.1425	X2008	0.677	0.677	2008
C	2	14.7	56	51.6265	X2008	0.549	0.549	2008
C	2	25.7	58	65.2647	X2008	0.718	0.718	2008
C	3	14	58	44.6249	X2008	0.55	0.55	2008
C	3	23.5	49	66.7462	X2008	1.016	1.016	2008
C	3	25.5	55	67.2356	X2008	0.627	0.627	2008
C	57	18.1	55	42.9563	X2008	0.847	0.847	2008
E	54	17.2	58	63.5423	X2008	0.613	0.613	2008
E	56	17.8	60	56.3447	X2008	0.752	0.752	2008
E	80	25.5	37	60.8427	X2008	1.699	1.699	2008
E	82	26.1	47	65.3303	X2008	1.5	1.5	2008
E	88	28	49	60.0893	X2008	1.298	1.298	2008
F	1	12.3	64	45.7905	X2008	1.46	1.46	2008
F	1	18.2	50	65.5565	X2008	2.213	2.213	2008
F	1	30.3	34	79.375	X2008	3.131	3.131	2008
F	2	16	55	47.6059	X2008	1.399	1.399	2008
F	2	18.5	58	53.1488	X2008	1.219	1.219	2008
F	2	28	49	61.2615	X2008	1.014	1.014	2008
F	3	16.7	68	69.5974	X2008	0.952	0.952	2008
F	3	20.2	50	64.7459	X2008	0.766	0.766	2008
F	3	25.5	51	78.7512	X2008	1.039	1.039	2008
N	3	19	49	55.0077	X2008	0.845	0.845	2008
N	35	11.1	57	46.5744	X2008	0.581	0.581	2008
N	110	35	141	75.2227	X2008	0.189	0.189	2008
S	40	12.7	48	35.4506	X2008	0.758	0.758	2008
S	46	14.6	56	52.6239	X2008	1.244	1.244	2008
S	80	25.5	61	59.3595	X2008	0.741	0.741	2008
S	82	26.1	48	47.6494	X2008	1.63	1.63	2008
W	1	12.3	70	48.3875	X2008	0.719	0.719	2008
W	2	14.5	58	48.1658	X2008	0.565	0.565	2008
W	3	25.5	45	67.6176	X2008	1.754	1.754	2008
C	1	14	55	40.692	X2009	0.436	0.436	2009
C	1	20.7	51	54.9881	X2009	1.009	1.009	2009
C	1	27.2	55	83.3176	X2009	1.203	1.203	2009
C	2	10.6	54	38.1425	X2009	0.698	0.698	2009
C	2	14.7	56	51.6265	X2009	0.591	0.591	2009
C	2	25.7	58	65.2647	X2009	0.912	0.912	2009
C	3	14	58	44.6249	X2009	0.519	0.519	2009
C	3	23.5	49	66.7462	X2009	1.085	1.085	2009
C	3	25.5	55	67.2356	X2009	0.517	0.517	2009
C	57	18.1	55	42.9563	X2009	0.847	0.847	2009
E	54	17.2	58	63.5423	X2009	0.613	0.613	2009
E	56	17.8	60	56.3447	X2009	0.676	0.676	2009
E	80	25.5	37	60.8427	X2009	1.52	1.52	2009
E	82	26.1	47	65.3303	X2009	1.374	1.374	2009
E	88	28	49	60.0893	X2009	1.256	1.256	2009
F	1	12.3	64	45.7905	X2009	1.736	1.736	2009
F	1	18.2	50	65.5565	X2009	2.891	2.891	2009
F	1	30.3	34	79.375	X2009	3.259	3.259	2009
F	2	16	55	47.6059	X2009	2.131	2.131	2009
F	2	18.5	58	53.1488	X2009	1.749	1.749	2009
F	2	28	49	61.2615	X2009	1.472	1.472	2009
F	3	16.7	68	69.5974	X2009	1.724	1.724	2009
F	3	20.2	50	64.7459	X2009	1.045	1.045	2009
F	3	25.5	51	78.7512	X2009	1.711	1.711	2009
N	3	19	49	55.0077	X2009	0.85	0.85	2009
N	35	11.1	57	46.5744	X2009	0.497	0.497	2009
N	110	35	141	75.2227	X2009	0.243	0.243	2009
S	40	12.7	48	35.4506	X2009	0.647	0.647	2009
S	46	14.6	56	52.6239	X2009	0.987	0.987	2009
S	80	25.5	61	59.3595	X2009	0.614	0.614	2009
S	82	26.1	48	47.6494	X2009	1.06	1.06	2009
W	1	12.3	70	48.3875	X2009	0.592	0.592	2009
W	2	14.5	58	48.1658	X2009	0.486	0.486	2009
W	3	25.5	45	67.6176	X2009	1.647	1.647	2009
C	1	14	55	40.692	X2010	0.495	0.495	2010
C	1	20.7	51	54.9881	X2010	0.905	0.905	2010
C	1	27.2	55	83.3176	X2010	1.3	1.3	2010
C	2	10.6	54	38.1425	X2010	0.593	0.593	2010
C	2	14.7	56	51.6265	X2010	0.498	0.498	2010
C	2	25.7	58	65.2647	X2010	0.839	0.839	2010
C	3	14	58	44.6249	X2010	0.513	0.513	2010
C	3	23.5	49	66.7462	X2010	0.818	0.818	2010
C	3	25.5	55	67.2356	X2010	0.656	0.656	2010
C	57	18.1	55	42.9563	X2010	0.91	0.91	2010
E	54	17.2	58	63.5423	X2010	0.529	0.529	2010
E	56	17.8	60	56.3447	X2010	0.739	0.739	2010
E	80	25.5	37	60.8427	X2010	1.8	1.8	2010
E	82	26.1	47	65.3303	X2010	1.819	1.819	2010
E	88	28	49	60.0893	X2010	1.157	1.157	2010
F	1	12.3	64	45.7905	X2010	1.692	1.692	2010
F	1	18.2	50	65.5565	X2010	3.85	3.85	2010
F	1	30.3	34	79.375	X2010	4.039	4.039	2010
F	2	16	55	47.6059	X2010	2.084	2.084	2010
F	2	18.5	58	53.1488	X2010	1.723	1.723	2010
F	2	28	49	61.2615	X2010	2.014	2.014	2010
F	3	16.7	68	69.5974	X2010	1.804	1.804	2010
F	3	20.2	50	64.7459	X2010	1.778	1.778	2010
F	3	25.5	51	78.7512	X2010	2.262	2.262	2010
N	3	19	49	55.0077	X2010	0.835	0.835	2010
N	35	11.1	57	46.5744	X2010	0.528	0.528	2010
N	110	35	141	75.2227	X2010	0.221	0.221	2010
S	40	12.7	48	35.4506	X2010	0.774	0.774	2010
S	46	14.6	56	52.6239	X2010	0.933	0.933	2010
S	80	25.5	61	59.3595	X2010	0.593	0.593	2010
S	82	26.1	48	47.6494	X2010	1.157	1.157	2010
W	1	12.3	70	48.3875	X2010	0.444	0.444	2010
W	2	14.5	58	48.1658	X2010	0.4	0.4	2010
W	3	25.5	45	67.6176	X2010	1.495	1.495	2010
C	1	14	55	40.692	X2011	0.582	0.582	2011
C	1	20.7	51	54.9881	X2011	1.405	1.405	2011
C	1	27.2	55	83.3176	X2011	1.58	1.58	2011
C	2	10.6	54	38.1425	X2011	0.593	0.593	2011
C	2	14.7	56	51.6265	X2011	0.559	0.559	2011
C	2	25.7	58	65.2647	X2011	0.987	0.987	2011
C	3	14	58	44.6249	X2011	0.539	0.539	2011
C	3	23.5	49	66.7462	X2011	1.185	1.185	2011
C	3	25.5	55	67.2356	X2011	0.847	0.847	2011
C	57	18.1	55	42.9563	X2011	1.109	1.109	2011
E	54	17.2	58	63.5423	X2011	0.834	0.834	2011
E	56	17.8	60	56.3447	X2011	0.773	0.773	2011
E	80	25.5	37	60.8427	X2011	2.385	2.385	2011
E	82	26.1	47	65.3303	X2011	2.283	2.283	2011
E	88	28	49	60.0893	X2011	1.419	1.419	2011
F	1	12.3	64	45.7905	X2011	1.863	1.863	2011
F	1	18.2	50	65.5565	X2011	3.929	3.929	2011
F	1	30.3	34	79.375	X2011	4.847	4.847	2011
F	2	16	55	47.6059	X2011	2.128	2.128	2011
F	2	18.5	58	53.1488	X2011	1.326	1.326	2011
F	2	28	49	61.2615	X2011	2.088	2.088	2011
F	3	16.7	68	69.5974	X2011	2.118	2.118	2011
F	3	20.2	50	64.7459	X2011	2.313	2.313	2011
F	3	25.5	51	78.7512	X2011	2.518	2.518	2011
N	3	19	49	55.0077	X2011	0.649	0.649	2011
N	35	11.1	57	46.5744	X2011	0.426	0.426	2011
N	110	35	141	75.2227	X2011	0.226	0.226	2011
S	40	12.7	48	35.4506	X2011	0.713	0.713	2011
S	46	14.6	56	52.6239	X2011	0.957	0.957	2011
S	80	25.5	61	59.3595	X2011	0.804	0.804	2011
S	82	26.1	48	47.6494	X2011	1.333	1.333	2011
W	1	12.3	70	48.3875	X2011	0.444	0.444	2011
W	2	14.5	58	48.1658	X2011	0.632	0.632	2011
W	3	25.5	45	67.6176	X2011	2.017	2.017	2011
C	1	14	55	40.692	X2012	0.592	0.592	2012
C	1	20.7	51	54.9881	X2012	1.324	1.324	2012
C	1	27.2	55	83.3176	X2012	1.205	1.205	2012
C	2	10.6	54	38.1425	X2012	0.55	0.55	2012
C	2	14.7	56	51.6265	X2012	0.561	0.561	2012
C	2	25.7	58	65.2647	X2012	0.608	0.608	2012
C	3	14	58	44.6249	X2012	0.667	0.667	2012
C	3	23.5	49	66.7462	X2012	0.804	0.804	2012
C	3	25.5	55	67.2356	X2012	0.614	0.614	2012
C	57	18.1	55	42.9563	X2012	1.333	1.333	2012
E	54	17.2	58	63.5423	X2012	0.75	0.75	2012
E	56	17.8	60	56.3447	X2012	0.76	0.76	2012
E	80	25.5	37	60.8427	X2012	2.043	2.043	2012
E	82	26.1	47	65.3303	X2012	1.529	1.529	2012
E	88	28	49	60.0893	X2012	1.103	1.103	2012
F	1	12.3	64	45.7905	X2012	0.844	0.844	2012
F	1	18.2	50	65.5565	X2012	2.41	2.41	2012
F	1	30.3	34	79.375	X2012	3.955	3.955	2012
F	2	16	55	47.6059	X2012	1.19	1.19	2012
F	2	18.5	58	53.1488	X2012	0.79	0.79	2012
F	2	28	49	61.2615	X2012	1.695	1.695	2012
F	3	16.7	68	69.5974	X2012	1.375	1.375	2012
F	3	20.2	50	64.7459	X2012	1.959	1.959	2012
F	3	25.5	51	78.7512	X2012	2.138	2.138	2012
N	3	19	49	55.0077	X2012	0.74	0.74	2012
N	35	11.1	57	46.5744	X2012	0.584	0.584	2012
N	110	35	141	75.2227	X2012	0.211	0.211	2012
S	40	12.7	48	35.4506	X2012	0.715	0.715	2012
S	46	14.6	56	52.6239	X2012	0.874	0.874	2012
S	80	25.5	61	59.3595	X2012	0.846	0.846	2012
S	82	26.1	48	47.6494	X2012	1.502	1.502	2012
W	1	12.3	70	48.3875	X2012	0.274	0.274	2012
W	2	14.5	58	48.1658	X2012	0.611	0.611	2012
W	3	25.5	45	67.6176	X2012	2.02	2.02	2012
C	1	14	55	40.692	X2013	0.595	0.595	2013
C	1	20.7	51	54.9881	X2013	0.841	0.841	2013
C	1	27.2	55	83.3176	X2013	1.15	1.15	2013
C	2	10.6	54	38.1425	X2013	0.434	0.434	2013
C	2	14.7	56	51.6265	X2013	0.327	0.327	2013
C	2	25.7	58	65.2647	X2013	0.566	0.566	2013
C	3	14	58	44.6249	X2013	0.36	0.36	2013
C	3	23.5	49	66.7462	X2013	0.656	0.656	2013
C	3	25.5	55	67.2356	X2013	0.466	0.466	2013
C	57	18.1	55	42.9563	X2013	1.037	1.037	2013
E	54	17.2	58	63.5423	X2013	0.444	0.444	2013
E	56	17.8	60	56.3447	X2013	0.46	0.46	2013
E	80	25.5	37	60.8427	X2013	1.575	1.575	2013
E	82	26.1	47	65.3303	X2013	1.171	1.171	2013
E	88	28	49	60.0893	X2013	0.865	0.865	2013
F	1	12.3	64	45.7905	X2013	0.381	0.381	2013
F	1	18.2	50	65.5565	X2013	1.486	1.486	2013
F	1	30.3	34	79.375	X2013	3.985	3.985	2013
F	2	16	55	47.6059	X2013	0.397	0.397	2013
F	2	18.5	58	53.1488	X2013	0.2	0.2	2013
F	2	28	49	61.2615	X2013	1.244	1.244	2013
F	3	16.7	68	69.5974	X2013	0.631	0.631	2013
F	3	20.2	50	64.7459	X2013	0.244	0.244	2013
F	3	25.5	51	78.7512	X2013	1.395	1.395	2013
N	3	19	49	55.0077	X2013	0.798	0.798	2013
N	35	11.1	57	46.5744	X2013	0.395	0.395	2013
N	110	35	141	75.2227	X2013	0.294	0.294	2013
S	40	12.7	48	35.4506	X2013	0.564	0.564	2013
S	46	14.6	56	52.6239	X2013	1.03	1.03	2013
S	80	25.5	61	59.3595	X2013	0.614	0.614	2013
S	82	26.1	48	47.6494	X2013	1.333	1.333	2013
W	1	12.3	70	48.3875	X2013	0.163	0.163	2013
W	2	14.5	58	48.1658	X2013	0.57	0.57	2013
W	3	25.5	45	67.6176	X2013	1.643	1.643	2013
C	1	14	55	40.692	X2014	0.705	0.705	2014
C	1	20.7	51	54.9881	X2014	1.384	1.384	2014
C	1	27.2	55	83.3176	X2014	1.518	1.518	2014
C	2	10.6	54	38.1425	X2014	0.561	0.561	2014
C	2	14.7	56	51.6265	X2014	0.403	0.403	2014
C	2	25.7	58	65.2647	X2014	0.819	0.819	2014
C	3	14	58	44.6249	X2014	0.361	0.361	2014
C	3	23.5	49	66.7462	X2014	0.889	0.889	2014
C	3	25.5	55	67.2356	X2014	0.741	0.741	2014
C	57	18.1	55	42.9563	X2014	1.122	1.122	2014
E	54	17.2	58	63.5423	X2014	0.254	0.254	2014
E	56	17.8	60	56.3447	X2014	0.654	0.654	2014
E	80	25.5	37	60.8427	X2014	1.985	1.985	2014
E	82	26.1	47	65.3303	X2014	1.081	1.081	2014
E	88	28	49	60.0893	X2014	1.151	1.151	2014
F	1	12.3	64	45.7905	X2014	0.593	0.593	2014
F	1	18.2	50	65.5565	X2014	2.368	2.368	2014
F	1	30.3	34	79.375	X2014	4.052	4.052	2014
F	2	16	55	47.6059	X2014	0.693	0.693	2014
F	2	18.5	58	53.1488	X2014	0.269	0.269	2014
F	2	28	49	61.2615	X2014	1.795	1.795	2014
F	3	16.7	68	69.5974	X2014	1.25	1.25	2014
F	3	20.2	50	64.7459	X2014	0.309	0.309	2014
F	3	25.5	51	78.7512	X2014	2.177	2.177	2014
N	3	19	49	55.0077	X2014	1.008	1.008	2014
N	35	11.1	57	46.5744	X2014	0.225	0.225	2014
N	110	35	141	75.2227	X2014	0.205	0.205	2014
S	40	12.7	48	35.4506	X2014	0.689	0.689	2014
S	46	14.6	56	52.6239	X2014	0.724	0.724	2014
S	80	25.5	61	59.3595	X2014	0.508	0.508	2014
S	82	26.1	48	47.6494	X2014	1.333	1.333	2014
W	1	12.3	70	48.3875	X2014	0.133	0.133	2014
W	2	14.5	58	48.1658	X2014	0.57	0.57	2014
W	3	25.5	45	67.6176	X2014	1.405	1.405	2014
C	1	14	55	40.692	X2015	0.88	0.88	2015
C	1	20.7	51	54.9881	X2015	1.173	1.173	2015
C	1	27.2	55	83.3176	X2015	1.625	1.625	2015
C	2	10.6	54	38.1425	X2015	0.656	0.656	2015
C	2	14.7	56	51.6265	X2015	0.401	0.401	2015
C	2	25.7	58	65.2647	X2015	0.944	0.944	2015
C	3	14	58	44.6249	X2015	0.612	0.612	2015
C	3	23.5	49	66.7462	X2015	0.72	0.72	2015
C	3	25.5	55	67.2356	X2015	0.593	0.593	2015
C	57	18.1	55	42.9563	X2015	0.804	0.804	2015
E	54	17.2	58	63.5423	X2015	0.381	0.381	2015
E	56	17.8	60	56.3447	X2015	0.862	0.862	2015
E	80	25.5	37	60.8427	X2015	1.684	1.684	2015
E	82	26.1	47	65.3303	X2015	1.206	1.206	2015
E	88	28	49	60.0893	X2015	1.099	1.099	2015
F	1	12.3	64	45.7905	X2015	0.529	0.529	2015
F	1	18.2	50	65.5565	X2015	2.035	2.035	2015
F	1	30.3	34	79.375	X2015	3.339	3.339	2015
F	2	16	55	47.6059	X2015	0.901	0.901	2015
F	2	18.5	58	53.1488	X2015	0.612	0.612	2015
F	2	28	49	61.2615	X2015	1.716	1.716	2015
F	3	16.7	68	69.5974	X2015	1.48	1.48	2015
F	3	20.2	50	64.7459	X2015	0.695	0.695	2015
F	3	25.5	51	78.7512	X2015	2.106	2.106	2015
N	3	19	49	55.0077	X2015	0.846	0.846	2015
N	35	11.1	57	46.5744	X2015	0.118	0.118	2015
N	110	35	141	75.2227	X2015	0.122	0.122	2015
S	40	12.7	48	35.4506	X2015	0.785	0.785	2015
S	46	14.6	56	52.6239	X2015	0.91	0.91	2015
S	80	25.5	61	59.3595	X2015	0.614	0.614	2015
S	82	26.1	48	47.6494	X2015	1.227	1.227	2015
W	1	12.3	70	48.3875	X2015	0.19	0.19	2015
W	2	14.5	58	48.1658	X2015	0.506	0.506	2015
W	3	25.5	45	67.6176	X2015	1.907	1.907	2015
C	1	14	55	40.692	X2016	0.952	0.952	2016
C	1	20.7	51	54.9881	X2016	0.919	0.919	2016
C	1	27.2	55	83.3176	X2016	1.545	1.545	2016
C	2	10.6	54	38.1425	X2016	0.705	0.705	2016
C	2	14.7	56	51.6265	X2016	0.423	0.423	2016
C	2	25.7	58	65.2647	X2016	0.864	0.864	2016
C	3	14	58	44.6249	X2016	0.402	0.402	2016
C	3	23.5	49	66.7462	X2016	0.762	0.762	2016
C	3	25.5	55	67.2356	X2016	0.719	0.719	2016
C	57	18.1	55	42.9563	X2016	0.825	0.825	2016
E	54	17.2	58	63.5423	X2016	0.425	0.425	2016
E	56	17.8	60	56.3447	X2016	0.636	0.636	2016
E	80	25.5	37	60.8427	X2016	1.696	1.696	2016
E	82	26.1	47	65.3303	X2016	0.934	0.934	2016
E	88	28	49	60.0893	X2016	0.842	0.842	2016
F	1	12.3	64	45.7905	X2016	0.508	0.508	2016
F	1	18.2	50	65.5565	X2016	1.736	1.736	2016
F	1	30.3	34	79.375	X2016	2.623	2.623	2016
F	2	16	55	47.6059	X2016	1.067	1.067	2016
F	2	18.5	58	53.1488	X2016	0.571	0.571	2016
F	2	28	49	61.2615	X2016	1.885	1.885	2016
F	3	16.7	68	69.5974	X2016	1.16	1.16	2016
F	3	20.2	50	64.7459	X2016	0.888	0.888	2016
F	3	25.5	51	78.7512	X2016	1.55	1.55	2016
N	3	19	49	55.0077	X2016	0.691	0.691	2016
N	35	11.1	57	46.5744	X2016	0.083	0.083	2016
N	110	35	141	75.2227	X2016	0.151	0.151	2016
S	40	12.7	48	35.4506	X2016	0.66	0.66	2016
S	46	14.6	56	52.6239	X2016	1.066	1.066	2016
S	80	25.5	61	59.3595	X2016	0.93	0.93	2016
S	82	26.1	48	47.6494	X2016	1.016	1.016	2016
W	1	12.3	70	48.3875	X2016	0.295	0.295	2016
W	2	14.5	58	48.1658	X2016	0.442	0.442	2016
W	3	25.5	45	67.6176	X2016	1.52	1.52	2016
C	1	14	55	40.692	X2017	0.783	0.783	2017
C	1	20.7	51	54.9881	X2017	0.998	0.998	2017
C	1	27.2	55	83.3176	X2017	1.566	1.566	2017
C	2	10.6	54	38.1425	X2017	0.497	0.497	2017
C	2	14.7	56	51.6265	X2017	0.317	0.317	2017
C	2	25.7	58	65.2647	X2017	0.765	0.765	2017
C	3	14	58	44.6249	X2017	0.277	0.277	2017
C	3	23.5	49	66.7462	X2017	0.656	0.656	2017
C	3	25.5	55	67.2356	X2017	0.655	0.655	2017
C	57	18.1	55	42.9563	X2017	0.593	0.593	2017
E	54	17.2	58	63.5423	X2017	0.433	0.433	2017
E	56	17.8	60	56.3447	X2017	0.57	0.57	2017
E	80	25.5	37	60.8427	X2017	1.457	1.457	2017
E	82	26.1	47	65.3303	X2017	1.022	1.022	2017
E	88	28	49	60.0893	X2017	0.671	0.671	2017
F	1	12.3	64	45.7905	X2017	0.296	0.296	2017
F	1	18.2	50	65.5565	X2017	0.974	0.974	2017
F	1	30.3	34	79.375	X2017	3.109	3.109	2017
F	2	16	55	47.6059	X2017	0.61	0.61	2017
F	2	18.5	58	53.1488	X2017	0.36	0.36	2017
F	2	28	49	61.2615	X2017	2.008	2.008	2017
F	3	16.7	68	69.5974	X2017	0.882	0.882	2017
F	3	20.2	50	64.7459	X2017	0.721	0.721	2017
F	3	25.5	51	78.7512	X2017	1.416	1.416	2017
N	3	19	49	55.0077	X2017	0.488	0.488	2017
N	35	11.1	57	46.5744	X2017	0.124	0.124	2017
N	110	35	141	75.2227	X2017	0.174	0.174	2017
S	40	12.7	48	35.4506	X2017	0.587	0.587	2017
S	46	14.6	56	52.6239	X2017	0.781	0.781	2017
S	80	25.5	61	59.3595	X2017	0.762	0.762	2017
S	82	26.1	48	47.6494	X2017	1.037	1.037	2017
W	1	12.3	70	48.3875	X2017	0.274	0.274	2017
W	2	14.5	58	48.1658	X2017	0.369	0.369	2017
W	3	25.5	45	67.6176	X2017	1.439	1.439	2017
C	1	14	55	40.692	X2018	0.656	0.656	2018
C	1	20.7	51	54.9881	X2018	0.758	0.758	2018
C	1	27.2	55	83.3176	X2018	1.623	1.623	2018
C	2	10.6	54	38.1425	X2018	0.381	0.381	2018
C	2	14.7	56	51.6265	X2018	0.212	0.212	2018
C	2	25.7	58	65.2647	X2018	0.693	0.693	2018
C	3	14	58	44.6249	X2018	0.202	0.202	2018
C	3	23.5	49	66.7462	X2018	0.487	0.487	2018
C	3	25.5	55	67.2356	X2018	0.444	0.444	2018
C	57	18.1	55	42.9563	X2018	0.423	0.423	2018
E	54	17.2	58	63.5423	X2018	0.299	0.299	2018
E	56	17.8	60	56.3447	X2018	0.325	0.325	2018
E	80	25.5	37	60.8427	X2018	1.503	1.503	2018
E	82	26.1	47	65.3303	X2018	0.914	0.914	2018
E	88	28	49	60.0893	X2018	0.504	0.504	2018
F	1	12.3	64	45.7905	X2018	0.233	0.233	2018
F	1	18.2	50	65.5565	X2018	1.482	1.482	2018
F	1	30.3	34	79.375	X2018	3.958	3.958	2018
F	2	16	55	47.6059	X2018	0.358	0.358	2018
F	2	18.5	58	53.1488	X2018	0.199	0.199	2018
F	2	28	49	61.2615	X2018	2.522	2.522	2018
F	3	16.7	68	69.5974	X2018	0.847	0.847	2018
F	3	20.2	50	64.7459	X2018	0.692	0.692	2018
F	3	25.5	51	78.7512	X2018	1.194	1.194	2018
N	3	19	49	55.0077	X2018	0.378	0.378	2018
N	35	11.1	57	46.5744	X2018	0.115	0.115	2018
N	110	35	141	75.2227	X2018	0.136	0.136	2018
S	40	12.7	48	35.4506	X2018	0.513	0.513	2018
S	46	14.6	56	52.6239	X2018	0.601	0.601	2018
S	80	25.5	61	59.3595	X2018	0.868	0.868	2018
S	82	26.1	48	47.6494	X2018	1.185	1.185	2018
W	1	12.3	70	48.3875	X2018	0.275	0.275	2018
W	2	14.5	58	48.1658	X2018	0.167	0.167	2018
W	3	25.5	45	67.6176	X2018	1.26	1.26	2018
C	1	14	55	40.692	X2019	0.778	0.778	2019
C	1	20.7	51	54.9881	X2019	0.662	0.662	2019
C	1	27.2	55	83.3176	X2019	1.347	1.347	2019
C	2	10.6	54	38.1425	X2019	0.465	0.465	2019
C	2	14.7	56	51.6265	X2019	0.255	0.255	2019
C	2	25.7	58	65.2647	X2019	0.73	0.73	2019
C	3	14	58	44.6249	X2019	0.219	0.219	2019
C	3	23.5	49	66.7462	X2019	0.55	0.55	2019
C	3	25.5	55	67.2356	X2019	0.444	0.444	2019
C	57	18.1	55	42.9563	X2019	0.381	0.381	2019
E	54	17.2	58	63.5423	X2019	0.242	0.242	2019
E	56	17.8	60	56.3447	X2019	0.478	0.478	2019
E	80	25.5	37	60.8427	X2019	1.312	1.312	2019
E	82	26.1	47	65.3303	X2019	0.988	0.988	2019
E	88	28	49	60.0893	X2019	0.652	0.652	2019
F	1	12.3	64	45.7905	X2019	0.4	0.4	2019
F	1	18.2	50	65.5565	X2019	2.022	2.022	2019
F	1	30.3	34	79.375	X2019	4.417	4.417	2019
F	2	16	55	47.6059	X2019	0.624	0.624	2019
F	2	18.5	58	53.1488	X2019	0.246	0.246	2019
F	2	28	49	61.2615	X2019	2.042	2.042	2019
F	3	16.7	68	69.5974	X2019	1.079	1.079	2019
F	3	20.2	50	64.7459	X2019	0.653	0.653	2019
F	3	25.5	51	78.7512	X2019	1.422	1.422	2019
N	3	19	49	55.0077	X2019	0.445	0.445	2019
N	35	11.1	57	46.5744	X2019	0.144	0.144	2019
N	110	35	141	75.2227	X2019	0.168	0.168	2019
S	40	12.7	48	35.4506	X2019	0.482	0.482	2019
S	46	14.6	56	52.6239	X2019	0.451	0.451	2019
S	80	25.5	61	59.3595	X2019	0.762	0.762	2019
S	82	26.1	48	47.6494	X2019	1.163	1.163	2019
W	1	12.3	70	48.3875	X2019	0.246	0.246	2019
W	2	14.5	58	48.1658	X2019	0.285	0.285	2019
W	3	25.5	45	67.6176	X2019	1.358	1.358	2019
C	1	14	55	40.692	X2020	0.721	0.721	2020
C	1	20.7	51	54.9881	X2020	0.586	0.586	2020
C	1	27.2	55	83.3176	X2020	0.793	0.793	2020
C	2	10.6	54	38.1425	X2020	0.466	0.466	2020
C	2	14.7	56	51.6265	X2020	0.232	0.232	2020
C	2	25.7	58	65.2647	X2020	0.543	0.543	2020
C	3	14	58	44.6249	X2020	0.227	0.227	2020
C	3	23.5	49	66.7462	X2020	0.506	0.506	2020
C	3	25.5	55	67.2356	X2020	0.41	0.41	2020
C	57	18.1	55	42.9563	X2020	0.241	0.241	2020
E	54	17.2	58	63.5423	X2020	0.233	0.233	2020
E	56	17.8	60	56.3447	X2020	0.514	0.514	2020
E	80	25.5	37	60.8427	X2020	0.974	0.974	2020
E	82	26.1	47	65.3303	X2020	0.59	0.59	2020
E	88	28	49	60.0893	X2020	0.57	0.57	2020
F	1	12.3	64	45.7905	X2020	0.22	0.22	2020
F	1	18.2	50	65.5565	X2020	1.286	1.286	2020
F	1	30.3	34	79.375	X2020	2.815	2.815	2020
F	2	16	55	47.6059	X2020	0.621	0.621	2020
F	2	18.5	58	53.1488	X2020	0.275	0.275	2020
F	2	28	49	61.2615	X2020	1.038	1.038	2020
F	3	16.7	68	69.5974	X2020	0.805	0.805	2020
F	3	20.2	50	64.7459	X2020	0.457	0.457	2020
F	3	25.5	51	78.7512	X2020	0.907	0.907	2020
N	3	19	49	55.0077	X2020	0.509	0.509	2020
N	35	11.1	57	46.5744	X2020	0.152	0.152	2020
N	110	35	141	75.2227	X2020	0.143	0.143	2020
S	40	12.7	48	35.4506	X2020	0.489	0.489	2020
S	46	14.6	56	52.6239	X2020	0.509	0.509	2020
S	80	25.5	61	59.3595	X2020	0.487	0.487	2020
S	82	26.1	48	47.6494	X2020	0.867	0.867	2020
W	1	12.3	70	48.3875	X2020	0.267	0.267	2020
W	2	14.5	58	48.1658	X2020	0.232	0.232	2020
W	3	25.5	45	67.6176	X2020	1.313	1.313	2020
