Snr	strata	Brnr	base.dw.g	D.br.d1	D.br.d2	scan.c0	scan.c1	scan.c2	scan.c3	rm.c0	rm.c1	rm.c2	rm.c3
1	1	1	5.3	1.25	1.35	0.3	0.45	0.38		1	1.1	0.8	
1	1	2	6.1	1.3	1.3	0.29	0.47			0.6	0.6		
1	2	3	5.7	1.6	1.6	0.53	0.42	0.48		1.2	1.2	0.7	
1	2	4	2.1	1.5	1.4	0.4	0.61	0.41		1	0.8	0.8	
1	3	5	4.1	1.1	1.1	0.54	0.52	0.7		1.1	1.2	0.7	
1	3	6	5.4	1.5	1.3	0.46	0.46	0.42		1.4	1.2	1	
1	4	7	11.4	2.3	2.2	0.57	0.81	0.61		1.5	1.4	0.6	
1	4	8	5.2	1.4	1.5	0.57	0.58	0.73		1.3	1.2	0.8	
1	5	9	2.3	0.8	0.8	0.7	0.89	0.47		1.4	1.8	0	
1	5	10	3	1.1	1.2	0.83	1.26			1.5	2.7		
2	1	1	3.2	1.1	1.2	0.5	0.56	0.5		0	0	0	
2	1	2	5	1.5	1.4	0.25	0.33	0.66			0.5	0	
2	2	3	4.4	1.4	1.6	0.57	0.33	0.59		0.9	1	1.1	
2	2	4	6	1.4	1.6	0.41	0.4	0.81	0.38	1	1.5	1.4	0
2	3	5	7.5	1.5	1.6	0.52	0.62	0.85		1.2	1.2	2	
2	3	6	6.4	1.7	1.6	0.54	0.39	0.57	0.34	1.3	1.2	1.6	0
2	4	7	8.8	1.7	1.8	0.55	0.66	0.8		2	2.1	2.6	
2	4	8	8.4	1.6	1.8	0.68	0.6	0.68		0.9	1.5	1.2	
2	5	9	2.4	0.9	0.9	0.67	0.61	0.6		1.5	1.5	0.7	
2	5	10	2.3	0.9	0.9	0.65	0.68	0.73		1.2	1.4	0.7	
3	1	1	31.6	4.1	3.9	0.58	0.41	0.45	0.44	1	1.3	1.4	0.7
3	1	2	27.2	3.8	3.7	0.52	0.42	0.64	0.38	1.2	1.3	0.9	0.8
3	2	3	8.3	2.4	2.3	0.43	0.47	0.38	0.38	0.9	0.5	0.9	0
3	2	4	10.9	2.6	2.9	0.43	0.42	0.63	0.5	0.9	1	0.9	0.8
3	3	5	11.8	2.4	2.4	0.44	0.45	0.52	0.43	0.9	1.2	1.1	0.6
3	3	6	9	2	2	0.46	0.65	0.48	0.43	1.3	1.2	1.4	0.7
3	4	7	5.7	1.3	1.4	0.62	0.57	0.74		0.9	1.2	1.2	
3	4	8	3.3	1.3	1.3	0.54	0.49	0.54	0.53	1.5	1.4	1.3	0.7
3	5	9	9.5	2	1.9	0.71	0.74	0.73	0.95	2.1	1.6	1.7	2.4
3	5	10	2.4	1	1	0.8	0.75	0.83	0.22	1.7	1.9	1.1	0
4	1	1	6.3	1.6	1.7	0.47	0.52	0.51		0.8	1	1.1	
4	1	2	3.2	1.2	1.3	0.45	0.43	0.38		1.3	0.9	0.8	
4	2	3	7.8	1.8	2	0.54	0.56	0.53		1.2	1.2	1.3	
4	2	4	7.1	1.8	1.9	0.76	0.48	0.47		1.3	1.3	1.6	
4	3	5	11.8	2.3	2.4	0.69	0.79	0.59	0.74	1.9	1.4	1.3	1
4	3	6	17.3	2.5	2.5	0.61	0.82	0.49		1.5	1.8	1.6	
4	4	7	19.6	2.7	2.8	0.96	0.92	0.8	0.66	3.2	2.5	2.1	0
4	4	8	27.9	3.4	3.6	1.05	1.09	1.16	0.67	2.1	2.5	1.7	1.3
4	5	9	1.3	0.7	0.8	1.24	1.48			2.9	2		
4	5	10	0.8	0.5	0.5	0.77	0.8	0.42		1.2	1	0	
5	1	1	25.3	3.2	3.1	0.72	0.53	0.51		2	2.1	1.5	
5	1	2	31.6	3.5	3.4	0.81	0.74	0.83	0.72	3	2.5	2.1	2
5	2	3	6.8	1.8	1.8	0.76	0.63	0.71	0.76	2.1	1.3	1.5	0.9
5	2	4	3.2	1.6	1.6	0.69	0.58	0.59	1.33	1.4	1.4	1.9	0
5	3	5	6.5	1.6	1.6	0.88	0.95	0.76	0.89	1.8	2.1	1.7	1.7
5	3	6	18.4	2.5	2.6	1.19	0.88	0.82	0.97	2.5	2.2	2.3	2.4
5	4	7	9.4	1.9	2	1.13	1.27	1.48	1.31	3.8	3.5	3.5	2.4
5	4	8	11.2	1.8	1.9	1.1	0.97	1	1.14	3.4	3.1	3.7	2.9
5	5	9	2.7	1	0.9	1.31	1.28	1.25		3.5	2.9	3.7	
5	5	10	1.8	0.9	0.9	0.98	1.23	1.15		3.7	3.4	3.8	
6	1	1	8.7	1.7	1.7	0.54	0.48	0.85	0.58	1.6	1.2	1.1	0
6	1	2	3.2	1.1	1.2	0.4	0.38	0.39	0.38	1.9	1.5	1.5	0.4
6	2	3	2.8	0.8	0.8	0.42	0.54	0.45		1.3	1	1.5	
6	2	4	2.6	0.8	0.7	0.33	0.4	0.41		0.7	0.9	0.5	
6	3	5	7.1	1.5	1.6	0.79	0.53	0.45	0.64	2.3	1.3	1.9	0
6	3	6	6.5	1.5	1.6	0.51	0.58	0.9	0.52	1.5	1.8	1.9	0.4
6	4	7	5.1	1.4	1.4	0.69	0.76	1.01		2.3	1.9	1.9	
6	4	8	4	1.1	1.1	0.62	0.74	1.13		1.9	2.7	2.1	
6	5	9	0.9	0.6	0.6	1.06	1.26			2.6	3.2		
6	5	10	1.8	0.7	0.7	1.26	1.43			4	3.2		
7	1	1	10.4	1.9	2	0.408	0.414	0.411	0.488	0.9	1	1	0
7	1	2	14.3	1.9	2.2	0.353	0.366	0.459	0.304	1.2	1.8	1.8	0.8
7	2	3	8.1	1.9	2	0.329	0.383	0.466	0.391	1.4	1.4	1.9	0.8
7	2	4	9.4	1.9	1.9	0.365	0.316	0.309	0.276	1.7	1.5	1.7	0.7
7	3	5	9.8	1.8	1.7	0.563	0.456	0.53	0.351	1.8	1.8	1.7	0.7
7	3	6	7.7	1.8	1.7	0.418	0.378	0.453	0.321	2.1	2.1	1.7	0.7
7	4	7	7.3	1.8	1.7	0.573	0.53	0.938	0.571	2.6	2.6	2.6	
7	4	8	6.5	1.4	1.4	0.619	0.564	0.753		2.9	2.8	2.1	
7	5	9	3.7	1	0.9	0.717	0.592	0.954		3.7	2.5	1.7	
7	5	10	3.2	0.8	0.8	0.74	0.571	1.045		2.3	1.4	2.8	
8	1	1	29.1	3.5	5	0.575	0.507	0.5	0.388	1.6	1.2	1.3	0.3
8	1	2	27.4	3.1	3.5	0.502	0.531	0.436		1.3	1.1	1.3	
8	2	3	9.3	2.2	2.1	0.471	0.608	0.644	0.174	2.3	1.5	1.4	0
8	2	4	14	2.8	2.9	0.752	0.474	0.574		1.6	1.2	1.2	
8	3	5	16	2.8	2.9	0.641	0.421	0.714	0.44	1.5	1.5	1.4	0
8	3	6	23.4	3.3	3.3	0.697	0.444	0.646	0.532	3	2.2	1.2	0
8	4	7	6.2	1.8	1.7	0.939	0.834	0.799		3.4	2.1	1.8	
8	4	8	8.9	2.2	2.3	0.726	0.803	0.691	0.348	2.8	1.3	1.3	0
8	5	9	2.2	1.1	1.1	0.895	0.616	0.693		2.2	1.9	1.5	
8	5	10	2.5	1.1	1	0.965	1.054	1.02	0.504	2.6	1.5	2	0
9	1	1	5.2	1.2	1.4	0.429	0.364	0.422	0.176	1.4	1	1	0
9	1	2	5.8	1.2	1.3	0.49	0.391	0.617		1.4	0.9	0.7	
9	2	3	2.5	0.9	0.9	0.558	0.487	0.513		1.6	1	1.1	
9	2	4	2.7	0.8	0.9	0.365	0.372	0.498		1	1.1	1.2	
9	3	5	2.3	0.9	1	0.489	0.428	0.437	0.252	1.6	1.2	1	0
9	3	6	3.6	1.1	1.2	0.465	0.415	0.58	0.271	1.3	1.4	1.1	0
9	4	7	2.6	0.9	0.9	0.468	0.459	0.436	0.081	1	0.9	1.1	0
9	4	8	2.3	0.8	0.9	0.612	0.506	0.527		1.7	1.6	1.7	
9	5	9	1.2	0.5	0.5	0.628	0.647	0.713		1.6	1.5	1.2	
9	5	10	1.6	0.6	0.6	0.712	0.77	0.888		1.8	1.7	1.2	
10	1	1	19.7	2.8	3.1	0.394	0.412	0.445	0.364	0.9	0.7	0.9	0.4
10	1	2	27.4	3.3	3.6	0.413	0.39	0.506	0.415	1.3	0.8	0.6	0.8
10	2	3	13.5	2.9	2.8	0.331	0.427	0.379	0.429	0.9	0.8	1.2	0.8
10	2	4	12.8	2.1	2.3	0.39	0.365	0.365	0.413	1.2	0.9	1.1	0.6
10	3	5	13.5	2.3	2.3	0.487	0.461	0.401	0.351	1	1	1.4	0.8
10	3	6	8.5	2.1	2	0.519	0.539	0.52	0.438	0.6	0.9	1.1	0.7
10	4	7	4.8	1.3	1.4	0.665	0.686	0.53	0.502	1.2	1.2	0.8	0.6
10	4	8	5.2	1.4	1.4	0.64	0.834	0.552	0.574	0.9	0.7	0.9	0.4
10	5	9	1.7	1	1.1	0.825	0.479	0.732		1.1	1.2	1.1	
10	5	10	1.5	1	1.1	0.578	0.668	0.582		0.9	0.7	0.7	
11	1	1	15.8	3.1	3.2	0.257	0.325	0.298	0.286	0.8	0.6	0.6	0.5
11	1	2	3.8	1.2	1.4	0.255	0.261	0.363	0.284	0.6	0.4	0.6	0.5
11	2	3	8.3	1.9	2.1	0.368	0.293	0.343	0.328	0.5	0.6	0.4	0.4
11	2	4	4.4	1.5	1.4	0.281	0.305	0.305	0.27	0.5	0.6	0.7	0.6
11	3	5	5.1	1.9	1.9	0.325	0.341	0.411	0.408	0.3	0.4	0.7	0.6
11	3	6	2.7	1.2	1.3	0.327	0.244	0.392	0.326	0.4	0.5	0.3	0.4
11	4	7	5.2	1.5	1.5	0.307	0.437	0.323	0.397	0.4	0.5	1	0.6
11	4	8	3.4	1.3	1.2	0.398	0.439	0.439	0.339	1	0.9	0.9	0.7
11	5	9	1.8	0.9	0.9	0.419	0.514	0.499		0.9	1.1	0.8	
11	5	10	1.8	0.9	1	0.473	0.345	0.59		0.9	0.9	1.2	
12	1	1	4.7	1.8	1.9	0.661	0.358	0.386	0.487	0	0.5	0.7	0.3
12	1	2	3.8	1.7	1.7	0.315	0.37	0.476	0.554	0.4	0.5	0.6	0.4
12	2	3	5.5	1.8	1.8	0.444	0.425	0.609	0.472	0.3	0.9	1.1	0.3
12	2	4	8	2.1	2.3	0.507	0.568	0.725	0.35	0	0	0	0
12	3	5	2.9	1.1	1.1	0.418	0.656	0.638	0.484	0	0	0	0
12	3	6	4.5	1.8	1.8	0.527	0.484	0.609	0.501	0	0	0	0
12	4	7	1.4	1.8	1.8	0.699	1.021	0.997	0.526	0	0	0	0
12	4	8	2.9	1.6	1.6	1.014	0.691	1.018	0.743	0	0	0	0
12	5	9	1.4	1	1	0.916	0.656	1.107		0	0	0	
12	5	10	1.6	1.1	1.2	0.476	0.706	0.783		0	0	0	