Snr	strata	age	plot	area.mm2	rn	dw.g
1	1	0	2	646.2277	20	0.1235
1	1	1	2	628.4406	20	0.1393
1	1	2	2	479.314	20	0.1101
1	1	3	2	506.4893	20	0.1207
1	1	4	2	427.8151	20	0.0956
1	2	0	2	913.4885	21	0.1908
1	2	1	2	802.7074	20	0.2014
1	2	2	2	618.8633	20	0.1429
1	2	3	2	654.7593	20	0.1771
1	2	4	2	596.8245	20	0.1610
1	3	0	2	978.3739	20	0.2458
1	3	1	2	993.5987	20	0.2942
1	3	2	2	762.1092	20	0.2225
1	3	3	2	722.9954	20	0.2259
1	3	4	2	754.5511	20	0.2164
1	4	0	2	1017.9906	20	0.2772
1	4	1	2	1086.7013	20	0.3491
1	4	2	2	911.2721	20	0.2835
1	4	3	2	858.6591	20	0.2792
1	4	4	2	837.4127	20	0.2721
1	5	0	2	1189.0153	20	0.3601
1	5	1	2	1221.2468	20	0.4441
1	5	2	2	1149.9939	20	0.4030
2	1	0	2	934.8796	20	0.1997
2	1	1	2	1106.93	20	0.3106
2	1	2	2	794.9401	20	0.2024
2	1	3	2	752.2704	20	0.2102
2	2	0	2	1018.968	20	0.2342
2	2	1	2	1073.9946	20	0.3130
2	2	2	2	909.8482	20	0.2620
2	2	3	2	898.867	20	0.2509
2	2	4	2	957.747	20	0.3028
2	3	0	2	1244.7377	20	0.3593
2	3	1	2	1259.5321	20	0.3855
2	3	2	2	1063.7455	20	0.3276
2	3	3	2	957.8435	20	0.2928
2	3	4	2	1088.3666	20	0.3784
2	4	0	2	1269.2663	20	0.3598
2	4	1	2	1221.6973	20	0.3674
2	4	2	2	1318.8022	20	0.4414
2	4	3	2	981.62	20	0.3101
2	4	4	2	986.7888	20	0.3367
2	5	0	2	1210.0726	20	0.3800
2	5	1	2	1294.7563	20	0.4082
2	5	2	2	1359.4486	20	0.4759
2	5	3	2	1505.9205	20	0.5794
3	1	0	2	627.5477	20	0.1282
3	1	1	2	678.3507	20	0.1556
3	1	2	2	726.3621	20	0.1739
3	1	3	2	630.0174	20	0.1515
3	1	4	2	365.0052	12	0.0876
3	2	0	2	838.3861	20	0.1928
3	2	1	2	937.6229	20	0.2368
3	2	2	2	925.7649	20	0.2647
3	2	3	2	587.6172	20	0.1515
3	3	0	2	840.5904	20	0.1809
3	3	1	2	760.5807	20	0.1890
3	3	2	2	926.3763	20	0.2439
3	3	3	2	589.8457	20	0.1531
3	4	0	2	1136.9653	20	0.2778
3	4	1	2	1165.629	20	0.3575
3	4	2	2	1348.033	20	0.4264
3	5	0	2	1313.9271	20	0.3712
3	5	1	2	1587.3944	20	0.5122
4	1	0	2	689.4525	20	0.1493
4	1	1	2	643.6494	20	0.1529
4	1	2	2	604.1855	20	0.1339
4	1	3	2	669.795	20	0.1850
4	2	0	2	693.0485	20	0.1580
4	2	1	2	658.9828	20	0.1575
4	2	2	2	641.5859	20	0.1536
4	2	3	2	648.1746	20	0.1731
4	2	4	2	594.1134	20	0.1587
4	3	0	2	873.4655	20	0.2227
4	3	1	2	813.3748	20	0.2251
4	3	2	2	730.9436	20	0.1951
4	3	3	2	723.643	20	0.2183
4	3	4	2	694.4483	20	0.1786
4	4	0	2	1030.3112	20	0.2897
4	4	1	2	972.8753	20	0.2933
4	4	2	2	995.4691	20	0.3105
4	4	3	2	935.7243	20	0.3067
4	5	0	2	1072.0155	20	0.3015
4	5	1	2	1223.5356	20	0.4030
4	5	2	2	1212.1079	20	0.4316
5	1	0	2	742.1018	20	0.1604
5	1	1	2	668.4555	20	0.1630
5	1	2	2	678.3828	20	0.1699
5	1	3	2	571.8534	20	0.1337
5	2	0	2	869.5276	20	0.2266
5	2	1	2	933.6568	20	0.2640
5	2	2	2	608.5861	20	0.1570
5	2	3	2	593.8238	20	0.1571
5	3	0	2	842.5252	20	0.2095
5	3	1	2	861.334	20	0.2409
5	3	2	2	608.8274	20	0.1579
5	3	3	2	569.9267	20	0.1459
5	4	0	2	940.7604	20	0.2564
5	4	1	2	988.4219	20	0.3017
5	4	2	2	818.9378	20	0.2352
5	5	0	2	1177.8289	20	0.3164
5	5	1	2	1155.8344	20	0.3583
5	5	2	2	1053.0982	20	0.3448
6	1	0	2	650.045	20	0.1565
6	1	1	2	740.521	20	0.1856
6	1	2	2	625.3716	20	0.1633
6	1	3	2	626.7271	20	0.1777
6	1	4	2	612.2263	20	0.1608
6	2	0	2	739.4229	20	0.1870
6	2	1	2	743.1838	20	0.2196
6	2	2	2	682.9925	20	0.2047
6	2	3	2	625.7778	20	0.1839
6	3	0	2	823.0487	20	0.2093
6	3	1	2	867.3756	20	0.2617
6	3	2	2	790.9821	20	0.2547
6	3	3	2	712.5773	20	0.2160
6	4	0	2	973.8889	20	0.2616
6	4	1	2	933.3109	20	0.2973
6	4	2	2	950.4825	20	0.2927
6	4	3	2	710.9241	16	0.2348
6	5	0	2	1237.3968	20	0.3617
6	5	1	2	1426.8199	20	0.5118
6	5	2	2	1584.7838	20	0.6551
7	1	0	3	644.0717	20	0.1703
7	1	1	3	766.2764	20	0.2174
7	1	2	3	597.3394	20	0.1726
7	1	3	3	663.1942	20	0.2026
7	1	4	3	668.0332	20	0.2211
7	2	0	3	614.7202	20	0.1630
7	2	1	3	728.2285	20	0.2076
7	2	2	3	661.4485	20	0.2006
7	2	3	3	672.1481	20	0.2175
7	2	4	3	623.0265	20	0.1994
7	3	0	3	804.7588	20	0.2235
7	3	1	3	787.7279	20	0.2452
7	3	2	3	746.5345	20	0.2302
7	3	3	3	674.3081	20	0.2069
7	3	4	3	767.2016	20	0.2511
7	4	0	3	850.3649	20	0.2500
7	4	1	3	943.5358	20	0.3198
7	4	2	3	928.0013	20	0.3155
7	4	3	3	757.0611	20	0.2506
7	4	4	3	206.8643	6	0.0748
7	5	0	3	916.3042	20	0.2867
7	5	1	3	873.9844	20	0.2849
7	5	2	3	899.7318	20	0.3195
7	5	3	3	1142.5203	20	0.4573
8	1	0	3	546.7214	20	0.1286
8	1	1	3	515.9541	20	0.1291
8	1	2	3	484.2736	20	0.1233
8	1	3	3	488.9356	20	0.1283
8	1	4	3	228.0704	10	0.0638
8	2	0	3	559.1869	20	0.1377
8	2	1	3	580.8636	20	0.1599
8	2	2	3	577.6899	20	0.1543
8	2	3	3	506.0066	20	0.1399
8	3	0	3	552.739	20	0.1401
8	3	1	3	582.9995	20	0.1648
8	3	2	3	561.8135	20	0.1562
8	3	3	3	634.3817	20	0.1783
8	4	0	3	551.2346	20	0.1533
8	4	1	3	637.9979	20	0.1883
8	4	2	3	620.605	20	0.1882
8	4	3	3	617.2463	20	0.1842
8	4	4	3	143.7045	4	0.0530
8	5	0	3	642.688	20	0.1695
8	5	1	3	879.9255	20	0.2835
8	5	2	3	876.0881	20	0.2932
8	5	3	3	853.4138	20	0.2810
9	1	0	3	542.9444	20	0.1169
9	1	1	3	664.8555	20	0.1766
9	1	2	3	565.1602	20	0.1401
9	1	3	3	554.6496	20	0.1510
9	1	4	3	645.9059	20	0.1789
9	2	0	3	647.6557	20	0.1456
9	2	1	3	652.7239	20	0.1669
9	2	2	3	650.0007	20	0.1665
9	2	3	3	658.6972	20	0.1846
9	2	4	3	615.0581	20	0.1693
9	3	0	3	617.2543	20	0.1462
9	3	1	3	652.1688	20	0.1797
9	3	2	3	557.9882	20	0.1521
9	3	3	3	572.3039	20	0.1519
9	3	4	3	569.7658	20	0.1578
9	4	0	3	826.5401	20	0.2198
9	4	1	3	795.7848	20	0.2507
9	4	2	3	829.026	20	0.2604
9	4	3	3	785.2783	20	0.2578
9	4	4	3	736.3578	20	0.2433
9	5	0	3	1046.3526	20	0.3059
9	5	1	3	1106.6243	20	0.3846
9	5	2	3	1062.04	20	0.3998
9	5	3	3	1056.4569	20	0.3983
10	1	0	3	664.3889	20	0.1611
10	1	1	3	642.9615	20	0.1671
10	1	2	3	599.2179	20	0.1653
10	1	3	3	629.0199	20	0.1697
10	1	4	3	603.4776	20	0.1682
10	2	0	3	568.9855	20	0.1376
10	2	1	3	561.3067	20	0.1494
10	2	2	3	484.2937	20	0.1252
10	2	3	3	582.3519	20	0.1582
10	2	4	3	509.1803	20	0.1337
10	3	0	3	599.1696	20	0.1539
10	3	1	3	583.619	20	0.1541
10	3	2	3	505.717	20	0.1338
10	3	3	3	551.6408	20	0.1557
10	3	4	3	487.6484	20	0.1349
10	4	0	3	764.2773	20	0.2051
10	4	1	3	727.3838	20	0.2111
10	4	2	3	654.2725	20	0.1827
10	4	3	3	658.5001	20	0.1886
10	4	4	3	643.4523	20	0.1869
10	5	0	3	370.9704	10	0.0996
10	5	1	3	339.7968	10	0.1006
10	5	2	3	356.2645	10	0.1154
10	5	3	3	675.8085	20	0.2150
11	1	0	3	484.8448	20	0.1046
11	1	1	3	502.4146	20	0.1255
11	1	2	3	508.4482	20	0.1320
11	1	3	3	459.1094	20	0.1227
11	1	4	3	521.7906	18	0.1443
11	2	0	3	545.6354	20	0.1203
11	2	1	3	707.3241	20	0.2066
11	2	2	3	598.2605	20	0.1711
11	2	3	3	559.0702	20	0.1601
11	2	4	3	542.9846	20	0.1536
11	3	0	3	559.5288	20	0.1336
11	3	1	3	623.0587	20	0.1812
11	3	2	3	529.1596	20	0.1578
11	3	3	3	609.9255	20	0.1849
11	3	4	3	503.2433	20	0.1578
11	4	0	3	696.6084	20	0.1828
11	4	1	3	628.6217	20	0.1908
11	4	2	3	647.0604	20	0.2063
11	4	3	3	632.5073	20	0.1945
11	4	4	3	614.8731	20	0.1865
11	5	0	3	841.769	20	0.2360
11	5	1	3	844.9346	20	0.2787
11	5	2	3	838.2212	20	0.2763
11	5	3	3	748.8514	20	0.2705
12	1	0	3	488.6138	20	0.1075
12	1	1	3	511.4369	20	0.1350
12	1	2	3	595.6178	20	0.1591
12	1	3	3	523.0818	20	0.1403
12	1	4	3	471.064	20	0.1207
12	2	0	3	493.859	20	0.1113
12	2	1	3	572.3723	20	0.1507
12	2	2	3	525.6843	20	0.1380
12	2	3	3	507.334	20	0.1328
12	2	4	3	541.2389	20	0.1517
12	3	0	3	719.0132	20	0.1998
12	3	1	3	697.5898	20	0.1943
12	3	2	3	722.7379	20	0.2170
12	3	3	3	624.3981	20	0.1763
12	3	4	3	590.4772	20	0.1862
12	4	0	3	703.0885	20	0.2047
12	4	1	3	860.9599	20	0.2557
12	4	2	3	803.3228	20	0.2467
12	4	3	3	790.1293	20	0.2578
12	4	4	3	686.496	20	0.2228
12	5	0	3	880.0985	20	0.2330
12	5	1	3	993.1563	20	0.3414
12	5	2	3	1034.1365	20	0.3648
12	5	3	3	552.389	14	0.1880