year	trt	Snr	d	h	lc	Vst	Vsw	Bst	Bsw	Bbr	Bf	Bcn	Bdb	Bcr	Br.trnv	ba	d2h	dh	dlc	Bsb	Vsb	bwd	plot
2005	F	6	0.2355	15.99	7.82	0.328623617	0.269665879	132.289885	114.9729087	24.95631091	13.23982137	0.6598772878	2.369791667	NA	2.921970573	0.0435583784915633	0.8868093975	3.765645	1.84161	17.3169763	0.058957738	426.353193538438	2
2005	F	7	0.1725	14.71	7.79	0.16740011	0.139657442	70.36324179	61.6672464	8.988312322	5.035987562	0.1777865486	0.99981	NA	0.8686925345	0.0233705040995953	0.4377144375	2.537475	1.343775	8.69599539	0.027742668	441.560761223165	2
2005	F	8	0.2145	15.87	7.46	0.290249902	0.252576229	123.0847115	111.7421377	15.60612326	7.860502836	0.4709296137	1.253724138	NA	3.149498449	0.0361363658474574	0.7301826675	3.404115	1.60017	11.3425738	0.037673673	442.409557472647	2
2005	F	9	0.156	14.52	6.33	0.148945347	0.125384094	62.70890274	56.02327153	7.353943181	6.438130787	0.02402739706	0.6091808511	NA	1.504325083	0.0191134497044403	0.35335872	2.26512	0.98748	6.68563121	0.023561253	446.813226006163	2
2005	F	10	0.1335	12.78	6.52	0.097855707	0.081464014	44.7374448	40.02668703	5.368880335	3.779891478	0.06118638037	0.4803571429	NA	0.6599242153	0.0139975624176102	0.227768355	1.70613	0.87042	4.71075777	0.016391693	491.3419443093	2
2005	C	11	0.2415	16.66	9.85	0.364029413	0.314164403	155.9754739	140.672272	21.3559306	14.63006434	0.2531550086	3.215347826	NA	2.114385006	0.0458061880352068	0.971648685	4.02339	2.378775	15.3032019	0.04986501	447.766426293688	3
2005	C	12	0.1675	15.17	7.32	0.17067371	0.151978466	76.31258017	69.53937392	8.498403454	7.14575863	0.01631735821	2.25925641	NA	1.518809359	0.0220353272218197	0.4256133125	2.540975	1.2261	6.77320625	0.018695244	457.560704159233	3
2005	C	13	0.214	15.87	9.19	0.272562644	0.243479078	122.0984832	112.190988	19.57642726	8.543530987	0.1591101057	3.297676056	NA	1.095254979	0.0359680942909495	0.72678252	3.39618	1.96666	9.9074952	0.029083566	460.78286857978	3
2005	C	14	0.179	14.2	7.78	0.196474977	0.157291255	78.12394276	67.49411024	12.96629493	5.795983613	0	4.54825	NA	2.398071314	0.0251649425534176	0.4549822	2.5418	1.39262	10.62983252	0.039183722	429.102751071571	3
2005	C	15	0.122	13.13	4.55	0.083822841	0.0713047	35.85031356	31.87363059	2.737277871	2.194458433	0	2.238333333	NA	0.8146010514	0.0116898662640076	0.19542692	1.60186	0.5551	3.97668297	0.012518141	447.006026110481	3
2011	F	1	0.1335	16.18	7.93	0.129642566	0.113210469	52.25021627	47.52190784	4.703304564	4.417565733	0.1539712919	0.6839466667	13.91058394	0.9397175662	0.0139975624176102	0.288364005	2.16003	1.058655	4.72830843	0.016432097	419.766018635609	2
2011	F	2	0.1435	15.01	7.05	0.134205031	0.112655673	53.48981504	47.28902341	6.255106079	6.01774665	NA	1.333743945	15.22677143	1.191123226	0.0161731153302211	0.3090896725	2.153935	1.011675	6.20079163	0.021549358	419.766019328649	2
2011	F	3	0.181	16.63	7.88	0.217832554	0.186610235	87.31680543	78.33263522	12.11959741	5.809144511	0.05042431762	2.108091743	18.90354694	1.667133373	0.0257304292310638	0.54481543	3.01003	1.42628	8.98417020999999	0.031222319	419.766017764245	2
2011	F	4	0.1845	16.03	11.34	0.217963941	0.185259968	87.17635268	77.76583921	17.10950183	11.97184943	0.01345193717	0.2340701439	17.04074651	1.620291701	0.02673514983159	0.5456652075	2.957535	2.09223	9.41051346999998	0.032703973	419.766018797974	2
2011	F	5	0.2395	17.36	11.98	0.334966221	0.287167488	134.2971584	120.5431528	33.52975686	11.84163684	0.5629389423	0.4949439462	36.64383482	3.964524207	0.0450506350020185	0.99577394	4.15772	2.86921	13.7540056	0.047798733	419.766017523544	2
2011	F	6	0.234	15.76	7.31	0.345945938	0.30326152	139.5812505	127.2988806	25.70647981	11.05755449	1.023531603	5.398381471	28.43261842	4.114347004	0.0430052618349907	0.86295456	3.68784	1.71054	12.2823699	0.042684418	419.766017792168	2
2011	C	7	0.1405	13.93	6.75	0.111508059	0.09252872	49.66290758	43.54073194	6.293546876	3.479449541	NA	1.515051122	12.3832768	1.305975191	0.0155039560950065	0.2749816825	1.957165	0.948375	6.12217564	0.018979339	470.564511645681	3
2011	C	8	0.1405	17.01	6.96	0.142647961	0.126583234	64.74758519	59.56557751	3.903617008	3.063663088	0.03266825397	1.069340125	12.85465241	0.3048371647	0.0155039560950065	0.3357816525	2.389905	0.97788	5.18200767999999	0.016064727	470.564510225738	3
2011	C	9	0.18	15.48	7	0.183860225	0.157932862	82.68100342	74.31760011	9.844072313	4.739266373	0.05184357693	5.653237828	18.3202844	1.355235016	0.0254469004940773	0.501552	2.7864	1.26	8.36340331	0.025927363	470.564511836682	3
2011	C	10	0.179	14.69	11.24	0.181712362	0.162389804	82.64776667	76.41487871	22.09762758	8.563657203	0.2523746141	3.21926817	26.65878488	1.924841185	0.0251649425534176	0.47068229	2.62951	2.01196	6.23288795999999	0.019322558	470.564510996023	3
2011	C	11	0.2395	15.61	8.51	0.343022343	0.296549362	154.5364202	139.5456055	32.56996067	8.381660811	0.09114130958	9.767625835	33.28	4.98334594	0.0450506350020185	0.8953935025	3.738595	2.038145	14.9908147	0.046472981	470.564510943038	3
2011	C	12	0.241	18.09	9.19	0.3973447	0.354316081	180.6083383	166.7285736	25.27328332	9.822346312	0.228134228	7.394167989	38.09862452	1.947174788	0.0456167107282872	1.05068529	4.35969	2.21479	13.8797647	0.043028619	470.564511578011	3
2018	F	1	0.1775	16.92	9.41	0.234498059485031	0.192139353126112	82.2625990818364	75.8846121357286	12.0629989393659	4.13340672778744	0.383705464483112	1.59372652479992	NA	0.41826647183847	0.0247449508855409	0.53308575	3.0033	1.670275	6.3779869461078	0.0423587063589186	394.945704256228	2
2018	F	2	0.1495	15.6	6.28	0.152105470491245	0.125140788046402	54.9678529183793	49.9169067762772	6.85492974911396	3.0174780803273	0.0518072263825194	0.667433524904215	NA	0.961146071809053	0.0175538453014738	0.3486639	2.3322	0.93886	5.05094614210217	0.0269646824448429	398.885987179241	2
2018	F	3	0.2725	19.87	10.89	0.576276230214495	0.471304812579332	176.219504237712	160.606347221605	33.2079026951282	9.17531625463791	0.0704031428571429	5.37283356511101	NA	1.79528120706766	0.0583207223707818	1.4754716875	5.414575	2.967525	15.6131570161067	0.104971417635163	340.769588883778	2
2018	F	4	0.205	18.2	6.97	0.318276685778159	0.261975418435013	113.123756196302	104.157379598905	15.4580376107576	5.82371622167913	0.504397421667058	2.15960383333791	NA	0.947628295424015	0.0330063578167778	0.764855	3.731	1.42885	8.96637659739679	0.056301267343146	397.584552860416	2
2018	F	5	0.242	20.72	8.18	0.462287683754302	0.387397871861259	155.213736098838	144.337628207126	19.0738712124227	6.28287909579132	0.779397718007337	3.76228487633685	NA	3.21195079801146	0.0459960580412082	1.21344608	5.01424	1.97956	10.8761078917124	0.0748898118930431	372.58239833289	2
2018	F	6	0.1205	15.7	5.69	0.0939564754288897	0.0746423957636095	33.2127382227222	29.4210664454443	2.46234364412685	1.60346926513629	0.0180348159292035	0.294946876969002	NA	0.497167902884383	0.0114041776820718	0.227967925	1.89185	0.685645	3.79167177727784	0.0193140796652802	394.160264343873	2
2018	C	7	0.1775	17.03	6.88	0.216319241449015	0.169180103139826	74.8708370104099	68.5464067534158	11.263419738456	4.72301506144255	0.0441033553601373	0.463206896551724	NA	2.73240486257928	0.0247449508855409	0.5365514375	3.022825	1.2212	6.32443025699413	0.0471391383091893	405.168252538318	3
2018	C	8	0.264	19.41	8.99	0.527959313728214	0.469022925591127	168.731323194316	155.591352670683	29.0646124722404	7.14342703642247	0.179432191997852	1.74020909063485	NA	2.96916993582032	0.0547391103961486	1.35279936	5.12424	2.37336	13.139970523633	0.0589363881370875	331.735069185766	3
2018	C	9	0.1195	14.48	6.88	0.080512000215421	0.0676172919353581	27.3136197730711	23.4066165658094	2.67450292663909	1.51063317042145	0	0.37725	NA	0.471216971930891	0.0112156821228564	0.20677802	1.73036	0.82216	3.90700320726172	0.0128947082800629	346.163176546408	3
2018	C	10	0.2345	21.36	10.74	0.46291396221329	0.423671713803237	173.41386334728	157.914272301255	20.6486530163076	7.16682338551739	0.295806219317151	3.27710916038146	NA	0.993212248003994	0.0431892413547665	1.17459174	5.00892	2.51853	15.4995910460251	0.039242248410053	372.72790973861	3
2018	C	11	0.1525	16.68	7.29	0.168674840793349	0.145805593509597	64.2268493877551	57.9847040816327	7.94442192837804	2.64590163477154	0.0898039362462215	0.597132616487455	NA	2.069997069221	0.0182654160375119	0.38791425	2.5437	1.111725	6.24214530612244	0.0228692472837518	397.685045449343	3
2018	C	12	0.1825	16.58	7.15	0.221141191509698	0.172061723110845	71.3461588888889	61.9765177777778	8.09595654926169	4.27885506486591	0.0297395430456954	1.38549392062322	NA	1.14003310989162	0.0261586675796563	0.552217625	3.02585	1.304875	9.36964111111111	0.0490794683988534	360.199332293397	3
