Snr	plot	strata	age	Df
1	2	1	0	121.9955303
1	2	1	1	152.1987858
1	2	1	2	111.7682804
1	2	1	3	67.33532408
1	2	1	4	12.23780541
1	2	2	0	334.6926485
1	2	2	1	459.1599471
1	2	2	2	295.1556375
1	2	2	3	242.5995828
1	2	2	4	63.38973452
1	2	3	0	534.214127
1	2	3	1	421.3577188
1	2	3	2	283.2059565
1	2	3	3	217.5777543
1	2	3	4	43.50448427
1	2	4	0	282.328856
1	2	4	1	204.8226693
1	2	4	2	123.3503202
1	2	4	3	79.67196087
1	2	4	4	9.036911673
1	2	5	0	200.350781
1	2	5	1	108.0193297
1	2	5	2	49.59158692
2	2	1	0	188.8330652
2	2	1	1	194.2673495
2	2	1	2	153.2249621
2	2	1	3	68.66798203
2	2	2	0	525.181309
2	2	2	1	749.4639409
2	2	2	2	513.1785379
2	2	2	3	174.4857944
2	2	2	4	7.799748755
2	2	3	0	721.7557671
2	2	3	1	573.3932539
2	2	3	2	273.184325
2	2	3	3	135.8985289
2	2	3	4	11.80738993
2	2	4	0	599.0469075
2	2	4	1	473.6702486
2	2	4	2	160.7159158
2	2	4	3	69.94970844
2	2	4	4	22.33746688
2	2	5	0	218.927101
2	2	5	1	111.5130738
2	2	5	2	65.72118676
2	2	5	3	4.723086467
3	2	1	0	103.6191447
3	2	1	1	137.2877874
3	2	1	2	82.27448103
3	2	1	3	18.73182334
3	2	1	4	0.414330211
3	2	2	0	415.1000329
3	2	2	1	593.3406507
3	2	2	2	323.9964243
3	2	2	3	16.02626522
3	2	3	0	790.8464599
3	2	3	1	1017.649388
3	2	3	2	475.5582566
3	2	3	3	22.72947525
3	2	4	0	619.494643
3	2	4	1	587.1844897
3	2	4	2	79.80152506
3	2	5	0	308.4932097
3	2	5	1	216.5961236
4	2	1	0	330.0510152
4	2	1	1	351.2816533
4	2	1	2	276.907605
4	2	1	3	29.58830569
4	2	2	0	581.114387
4	2	2	1	1081.265884
4	2	2	2	1104.748599
4	2	2	3	167.0230733
4	2	2	4	4.926330553
4	2	3	0	932.8853851
4	2	3	1	1334.10605
4	2	3	2	903.4932986
4	2	3	3	95.56236283
4	2	3	4	2.536798421
4	2	4	0	1528.272483
4	2	4	1	1444.166433
4	2	4	2	830.0399421
4	2	4	3	80.89485713
4	2	5	0	459.8965554
4	2	5	1	325.648038
4	2	5	2	107.4403697
5	2	1	0	1028.349046
5	2	1	1	1328.507576
5	2	1	2	404.1970953
5	2	1	3	13.11939317
5	2	2	0	1573.508759
5	2	2	1	1839.080251
5	2	2	2	252.576408
5	2	2	3	12.73020475
5	2	3	0	1169.551898
5	2	3	1	1354.192385
5	2	3	2	148.2024322
5	2	3	3	11.27940185
5	2	4	0	1019.169566
5	2	4	1	766.6051676
5	2	4	2	36.02038339
5	2	5	0	511.526442
5	2	5	1	370.4408894
5	2	5	2	2.579543757
6	2	1	0	382.7175818
6	2	1	1	508.702359
6	2	1	2	215.1146535
6	2	1	3	206.8506793
6	2	1	4	5.771593157
6	2	2	0	986.2644022
6	2	2	1	2015.475079
6	2	2	2	669.3504301
6	2	2	3	89.08901376
6	2	3	0	1435.225221
6	2	3	1	1449.3021
6	2	3	2	501.2316644
6	2	3	3	25.88341474
6	2	4	0	1002.631633
6	2	4	1	894.745497
6	2	4	2	203.9834963
6	2	4	3	2.369929791
6	2	5	0	251.5541871
6	2	5	1	187.2890537
6	2	5	2	24.00249863
7	3	1	0	167.8003198
7	3	1	1	179.5748092
7	3	1	2	133.2975205
7	3	1	3	70.18973925
7	3	1	4	4.254960413
7	3	2	0	295.5350623
7	3	2	1	440.2256332
7	3	2	2	318.7642236
7	3	2	3	234.8043723
7	3	2	4	11.42636375
7	3	3	0	267.2935166
7	3	3	1	303.3533028
7	3	3	2	206.3043945
7	3	3	3	159.4618743
7	3	3	4	17.23904813
7	3	4	0	166.5805369
7	3	4	1	176.1749812
7	3	4	2	93.61863458
7	3	4	3	35.14719957
7	3	4	4	0.454824783
7	3	5	0	97.54175152
7	3	5	1	68.47040724
7	3	5	2	27.45980151
7	3	5	3	4.476262676
8	3	1	0	45.71609617
8	3	1	1	58.91098525
8	3	1	2	49.46562566
8	3	1	3	36.29138997
8	3	1	4	0.239579351
8	3	2	0	218.5571241
8	3	2	1	328.9442617
8	3	2	2	292.4463424
8	3	2	3	125.6632471
8	3	3	0	250.755649
8	3	3	1	271.4170783
8	3	3	2	250.8868323
8	3	3	3	83.29348553
8	3	4	0	231.2549897
8	3	4	1	238.1613115
8	3	4	2	131.3849222
8	3	4	3	18.77665795
8	3	4	4	0.352584746
8	3	5	0	173.47448
8	3	5	1	186.0459282
8	3	5	2	67.16029914
8	3	5	3	4.464217028
9	3	1	0	103.8592862
9	3	1	1	131.2954535
9	3	1	2	107.5726237
9	3	1	3	56.80142045
9	3	1	4	6.309531743
9	3	2	0	351.1744988
9	3	2	1	555.7804227
9	3	2	2	431.6135461
9	3	2	3	228.9659505
9	3	2	4	30.87169023
9	3	3	0	430.3788047
9	3	3	1	527.0003816
9	3	3	2	364.7511111
9	3	3	3	237.7696797
9	3	3	4	35.70450162
9	3	4	0	288.2707538
9	3	4	1	245.3349748
9	3	4	2	164.0017862
9	3	4	3	65.85529346
9	3	4	4	9.251282663
9	3	5	0	167.4808708
9	3	5	1	133.2920398
9	3	5	2	62.14428767
9	3	5	3	3.786180875
10	3	1	0	239.8950767
10	3	1	1	279.1363706
10	3	1	2	332.5767088
10	3	1	3	172.2486298
10	3	1	4	21.00152447
10	3	2	0	302.9807776
10	3	2	1	354.3563152
10	3	2	2	980.0535509
10	3	2	3	941.6652922
10	3	2	4	370.179587
10	3	3	0	495.8052238
10	3	3	1	487.0033538
10	3	3	2	962.1374332
10	3	3	3	689.5552853
10	3	3	4	66.47314021
10	3	4	0	505.9476036
10	3	4	1	457.3555026
10	3	4	2	311.1700707
10	3	4	3	169.7093499
10	3	4	4	31.01187149
10	3	5	0	162.1589951
10	3	5	1	144.2489439
10	3	5	2	81.66454245
10	3	5	3	5.322053189
11	3	1	0	195.1996415
11	3	1	1	191.5470177
11	3	1	2	138.2310293
11	3	1	3	84.79469055
11	3	1	4	17.48998137
11	3	2	0	848.9723709
11	3	2	1	1300.208262
11	3	2	2	378.629271
11	3	2	3	165.5042888
11	3	2	4	30.07781801
11	3	3	0	1250.446277
11	3	3	1	1107.107891
11	3	3	2	381.6634572
11	3	3	3	146.0041657
11	3	3	4	26.90268716
11	3	4	0	720.1847195
11	3	4	1	663.1104867
11	3	4	2	218.6082599
11	3	4	3	104.1078322
11	3	4	4	15.8291954
11	3	5	0	173.0115565
11	3	5	1	150.151818
11	3	5	2	68.08378464
11	3	5	3	5.794308757
12	3	1	0	143.5310808
12	3	1	1	183.296955
12	3	1	2	135.0824867
12	3	1	3	69.47308777
12	3	1	4	13.38228787
12	3	2	0	309.8191073
12	3	2	1	706.8478244
12	3	2	2	587.0823666
12	3	2	3	303.2646762
12	3	2	4	29.43576496
12	3	3	0	1025.98701
12	3	3	1	1432.550049
12	3	3	2	1032.989959
12	3	3	3	388.6168219
12	3	3	4	37.54945303
12	3	4	0	791.9477567
12	3	4	1	986.8960974
12	3	4	2	707.4303093
12	3	4	3	179.2132169
12	3	4	4	5.59106731
12	3	5	0	309.6098687
12	3	5	1	286.4868271
12	3	5	2	154.7731581
12	3	5	3	1.489079365