Snr	year	d	h	dd	dh	ba	bai	plot
13	2002	0.103329	13.19	0.001664	0.25	0.00838560370289223	0.000267907180082873	2
14	2002	0.111172	12.24	0.002071	0.23	0.00970690364991039	0.000358287161976964	2
15	2002	0.13762	13.94	0.0024715	0.29	0.0148748634758587	0.000529474088782109	2
16	2002	0.13782	12.74	0.003799	0.3	0.0149181294898839	0.000811099500695139	2
17	2002	0.1861535	14.68	0.0040045	0.31	0.0272165011725723	0.00115835811678059	2
18	2002	0.172341	13.18	0.004148	0.25	0.0233274409389931	0.00110940241986736	2
19	2002	0.112373833333333	11.69	0.002055	0.18	0.00991791251712529	0.000359424455431275	3
20	2002	0.112486	14.38	0.0020435	0.32	0.00993772165522229	0.000357791581037296	3
21	2002	0.1383665	13.09	0.0019285	0.16	0.0150366742860098	0.000416229986290784	3
22	2002	0.1454795	12.03	0.003156	0.23	0.0166223905059847	0.000713382074689586	3
23	2002	0.195092	14.09	0.0033215	0.22	0.0298929518969007	0.00100920820364347	3
24	2002	0.198085	15.83	0.003077	0.37	0.0308171917745152	0.000949976118791995	3
13	2003	0.105494	13.52	0.002165	0.33	0.00874068362235392	0.00035507991946169	2
14	2003	0.113325	12.58	0.002153	0.34	0.0100865196012046	0.000379615951294173	2
15	2003	0.1399565	14.2	0.0023365	0.26	0.0153842393391295	0.000509375863270801	2
16	2003	0.141157	13.09	0.003337	0.35	0.0156492929640703	0.000731163474186346	2
17	2003	0.189829	15.04	0.0036755	0.36	0.028301861491818	0.0010853603192457	2
18	2003	0.1759755	13.47	0.0036345	0.29	0.0243217207070735	0.000994279768080347	2
19	2003	0.114146833333333	11.91	0.001773	0.22	0.0102333450244337	0.000315432507308385	3
20	2003	0.114863	14.73	0.002377	0.35	0.0103621575559407	0.000424435900718436	3
21	2003	0.139886	13.39	0.0015195	0.3	0.0153687443002489	0.00033207001423911	3
22	2003	0.147821	12.38	0.0023415	0.35	0.0171617729997108	0.000539382493726152	3
23	2003	0.1978805	14.36	0.0027885	0.27	0.0307535942016274	0.000860642304726662	3
24	2003	0.200866	16.17	0.002781	0.34	0.0316885774737638	0.000871385699248581	3
13	2004	0.107854	13.75	0.00236	0.23	0.00913613260293419	0.000395448980580264	2
14	2004	0.115311	12.9	0.001986	0.32	0.0104431462060548	0.000356626604850268	2
15	2004	0.1426525	14.44	0.002696	0.24	0.0159826450885821	0.000598405749452656	2
16	2004	0.1446195	13.39	0.0034625	0.3	0.0164264453352337	0.000777152371163447	2
17	2004	0.1932425	15.33	0.0034135	0.29	0.0293288595697971	0.00102699807797911	2
18	2004	0.179549	13.71	0.0035735	0.24	0.0253195429990399	0.000997822291966481	2
19	2004	0.116170833333333	12.12	0.002024	0.21	0.0105994685549672	0.000366123530533521	3
20	2004	0.1169705	15.12	0.0021075	0.39	0.0107458945387185	0.000383736982777759	3
21	2004	0.14194	13.62	0.002054	0.23	0.0158233882094752	0.000454643909226371	3
22	2004	0.1504005	12.7	0.0025795	0.32	0.0177659502438366	0.000604177244125738	3
23	2004	0.201	14.57	0.0031195	0.21	0.0317308711994203	0.00097727699779292	3
24	2004	0.2037915	16.44	0.0029255	0.27	0.0326183518600096	0.000929774386245787	3
13	2005	0.1102015	14.05	0.0023475	0.3	0.00953816636662511	0.000402033763690928	2
14	2005	0.1172955	13.22	0.0019845	0.32	0.0108056919667161	0.000362545760661255	2
15	2005	0.1449305	14.76	0.002278	0.32	0.0164971704791175	0.000514525390535418	2
16	2005	0.147198	13.7	0.0025785	0.31	0.0170174193014927	0.00059097396625905	2
17	2005	0.196202	15.6	0.0029595	0.27	0.0302340788606335	0.000905219290836378	2
18	2005	0.1827505	13.99	0.0032015	0.28	0.0262305277811622	0.000910984782122256	2
19	2005	0.118312333333333	12.42	0.0021415	0.3	0.0109938528666178	0.000394384311650574	3
20	2005	0.1197295	15.49	0.002759	0.37	0.0112588029719355	0.000512908433216969	3
21	2005	0.1441815	13.89	0.0022415	0.27	0.0163270965217892	0.000503708312314007	3
22	2005	0.1531565	12.96	0.002756	0.26	0.018423016775786	0.00065706653194943	3
23	2005	0.2042515	14.76	0.0032515	0.19	0.0327657709224917	0.00103489972307141	3
24	2005	0.20648	16.67	0.0026885	0.23	0.0334846577584644	0.000866305898454829	3
13	2006	0.112328	14.36	0.0021265	0.31	0.00990982383179474	0.000371657465169628	2
14	2006	0.1191945	13.47	0.001899	0.25	0.011158409970062	0.000352718003345876	2
15	2006	0.1470345	15.12	0.002104	0.36	0.016979636141247	0.000482465662129412	2
16	2006	0.149233	14.02	0.002035	0.32	0.017491200600145	0.000473781298652231	2
17	2006	0.1989185	15.84	0.0027165	0.24	0.0310770819252872	0.000843003064653687	2
18	2006	0.185561	14.21	0.0028105	0.22	0.0270435244203495	0.000812996639187255	2
19	2006	0.120183833333333	12.68	0.0018715	0.26	0.0113444118621833	0.000350558995565527	3
20	2006	0.121775	15.84	0.0020455	0.35	0.0116467876656191	0.000387984693683665	3
21	2006	0.146058	14.18	0.0018765	0.29	0.0167548513963547	0.000427754874565481	3
22	2006	0.1555655	13.27	0.002409	0.31	0.0190071262633331	0.000584109487547134	3
23	2006	0.2067175	14.93	0.002466	0.17	0.0335617323408993	0.000795961418407563	3
24	2006	0.208664	16.95	0.002184	0.28	0.0341967582424221	0.000712100483957701	3
13	2007	0.1148815	14.65	0.0025535	0.29	0.0103654957127452	0.000455671880950475	2
14	2007	0.121195	13.7	0.0020005	0.23	0.0115361073143979	0.000377697344335962	2
15	2007	0.149165	15.35	0.0021305	0.23	0.017475264035746	0.000495627894499036	2
16	2007	0.151285	14.34	0.002052	0.32	0.0179755265375147	0.000484325937369676	2
17	2007	0.2019535	16.07	0.003035	0.23	0.0320326338675991	0.000955551942311905	2
18	2007	0.188692	14.41	0.003131	0.2	0.0279638431049562	0.000920318684606777	2
19	2007	0.122172333333333	12.91	0.0019885	0.23	0.0117229150585452	0.000378503196361929	3
20	2007	0.123584	16.19	0.001809	0.35	0.0119953901205423	0.000348602454923221	3
21	2007	0.147556	14.42	0.001498	0.24	0.0171002960330837	0.000345444636728972	3
22	2007	0.15754	13.51	0.0019745	0.24	0.0194926804642738	0.000485554200940708	3
23	2007	0.208487	15.09	0.0017695	0.16	0.0341387677980432	0.000577035457143944	3
24	2007	0.2108585	17.14	0.0021945	0.19	0.0349198288775252	0.000723070635103067	3
13	2008	0.116586	14.98	0.0017045	0.33	0.010675363840374	0.000309868127628777	2
14	2008	0.1226595	13.93	0.0014645	0.23	0.0118165925669387	0.000280485252540819	2
15	2008	0.152118	15.58	0.002953	0.23	0.0181740239059361	0.000698759870190069	2
16	2008	0.15338	14.7	0.002095	0.36	0.0184768251169055	0.000501298579390866	2
17	2008	0.2057595	16.4	0.003806	0.33	0.0332513799271418	0.00121874605954276	2
18	2008	0.193528	14.67	0.004836	0.26	0.0294155855737188	0.00145174246876261	2
19	2008	0.123796833333333	13.16	0.0016245	0.25	0.012036742030777	0.000313826972231776	3
20	2008	0.1256025	16.41	0.0020185	0.22	0.0123904320058889	0.000395041885346581	3
21	2008	0.148975	14.73	0.001419	0.31	0.0174307739001433	0.00033047786705959	3
22	2008	0.1595065	13.78	0.0019665	0.27	0.0199823541826468	0.000489673718372996	3
23	2008	0.2104455	15.24	0.0019585	0.15	0.0347831707343506	0.000644402936307374	3
24	2008	0.212771	17.37	0.0019125	0.23	0.0355561517298118	0.000636322852286625	3
13	2009	0.11844	15.33	0.001854	0.35	0.0110175918255177	0.000342227985143701	2
14	2009	0.1245355	14.19	0.001876	0.26	0.0121808113990647	0.000364218832125937	2
15	2009	0.1556845	15.88	0.0035665	0.3	0.0190362164295576	0.000862192523621578	2
16	2009	0.156395	15.1	0.003015	0.4	0.0192103647158458	0.000733539598940326	2
17	2009	0.2105265	16.74	0.004767	0.34	0.0348099518158376	0.00155857188869575	2
18	2009	0.198694	15	0.005166	0.33	0.0310069741387209	0.00159138856500209	2
19	2009	0.1256595	13.43	0.00186266666666667	0.27	0.0124016804265488	0.000364938395771817	3
20	2009	0.1274545	16.68	0.001852	0.27	0.0127585179375095	0.000368085931620575	3
21	2009	0.150362	15.01	0.001387	0.28	0.0177568558387045	0.000326081938561183	3
22	2009	0.16144	14.06	0.0019335	0.28	0.0204697330582998	0.000487378875653029	3
23	2009	0.212207	15.35	0.0017615	0.11	0.0353679015352659	0.000584730800915277	3
24	2009	0.214775	17.6	0.002004	0.23	0.0362290825915204	0.000672930861708526	3
13	2010	0.120364	15.71	0.001924	0.38	0.0113784499985927	0.000360858173075016	2
14	2010	0.127769	14.52	0.0032335	0.33	0.0128215601129445	0.000640748713879834	2
15	2010	0.159144	16.25	0.0034595	0.37	0.0198916322075655	0.000855415778007858	2
16	2010	0.1599335	15.55	0.0035385	0.45	0.0200894831832846	0.000879118467438759	2
17	2010	0.2149285	17.02	0.004402	0.28	0.0362808870516651	0.00147093523582756	2
18	2010	0.2038395	15.36	0.0051455	0.36	0.0326337191866693	0.0016267450479484	2
19	2010	0.1279335	13.72	0.002274	0.29	0.0128545963639971	0.000452915937448322	3
20	2010	0.1290905	16.84	0.001636	0.16	0.0130881555314214	0.000329637593911912	3
21	2010	0.151823	15.25	0.001461	0.24	0.0181036030684976	0.000346747229793141	3
22	2010	0.163849	14.37	0.002409	0.31	0.0210851877103646	0.000615454652064702	3
23	2010	0.213921	15.45	0.001714	0.1	0.0359415433099187	0.000573641774652793	3
24	2010	0.2170135	17.85	0.0022385	0.25	0.0369882159072006	0.000759133315680241	3
13	2011	0.1235	16.18	0.003136	0.47	0.0119790891376787	0.000600639139086019	2
14	2011	0.1325	15.01	0.004731	0.49	0.0137886465061465	0.000967086393201935	2
15	2011	0.163	16.63	0.003856	0.38	0.0208672438033068	0.000975611595741301	2
16	2011	0.165	16.03	0.0050665	0.48	0.0213824649984955	0.00129298181521093	2
17	2011	0.219	17.36	0.0040715	0.34	0.037668481314705	0.00138759426303987	2
18	2011	0.209	15.76	0.0051605	0.4	0.0343069771753639	0.00167325798869461	2
19	2011	0.13	13.93	0.0020665	0.21	0.0132732289614169	0.000418632597419734	3
20	2011	0.131	17.01	0.0019095	0.17	0.0134782178820636	0.000390062350642203	3
21	2011	0.1535	15.48	0.001677	0.23	0.0185057478755115	0.000402144807013914	3
22	2011	0.1665	14.69	0.002651	0.32	0.0217730042352449	0.000687816524880362	3
23	2011	0.2155	15.61	0.001579	0.16	0.0364740870577183	0.000532543747799666	3
24	2011	0.2195	18.09	0.0024865	0.24	0.0378406798620299	0.000852463954829304	3
1	2002	0.09849	11.58	0.00463	0.24	0.00761858217498082	0.000699460289057582	2
1	2003	0.10236	11.81	0.00387	0.23	0.00822906392070894	0.000610481745728121	2
1	2004	0.10699	12.17	0.00463	0.36	0.00899034289920753	0.000761278978498594	2
1	2005	0.11019	12.51	0.0032	0.34	0.00953617577321284	0.000545832874005304	2
1	2006	0.11333	12.8	0.00314	0.29	0.0100874096733082	0.000551233900095358	2
1	2007	0.11625	13.15	0.00292	0.35	0.0106139198675383	0.000526510194230135	2
1	2008	0.11885	13.61	0.0026	0.46	0.0110940023488967	0.000480082481358324	2
1	2009	0.12177	13.98	0.00292	0.37	0.0116458312666406	0.000551828917743946	2
1	2010	0.12549	14.38	0.00372	0.4	0.0123682461522004	0.00072241488555975	2
1	2011	0.1305	14.81	0.00501	0.43	0.0133755270721994	0.00100728091999904	2
1	2012	0.13492	15.23	0.00442	0.42	0.0142969219541374	0.00092139488193796	2
1	2013	0.13896	15.53	0.00404	0.3	0.0151659455440622	0.000869023589924822	2
1	2014	0.14474	15.7	0.00578	0.17	0.016453830456827	0.00128788491276485	2
1	2015	0.14936	16.05	0.00462	0.35	0.017520983928158	0.00106715347133098	2
1	2016	0.15397	16.36	0.00461	0.31	0.0186192464709624	0.00109826254280443	2
1	2017	0.15788	16.75	0.00391	0.39	0.0195769087624314	0.000957662291468983	2
1	2018	0.1605	16.92	0.00262	0.17	0.0202320530386591	0.000655144276227697	2
10	2002	0.17188	16.48	0.00223	0.2	0.0232028093394986	0.000598168587481636	3
10	2003	0.17379	16.83	0.00191	0.35	0.023721352533299	0.000518543193800448	3
10	2004	0.17607	17.15	0.00228	0.32	0.0243478495685965	0.000626497035297409	3
10	2005	0.17875	17.47	0.00268	0.32	0.0250946985051788	0.000746848936582308	3
10	2006	0.18095	17.79	0.0022	0.32	0.0257162154878017	0.000621516982622936	3
10	2007	0.18335	18.11	0.0024	0.32	0.0264029048100234	0.000686689322221657	3
10	2008	0.1856	18.43	0.00225	0.32	0.0270548932778907	0.000651988467867352	3
10	2009	0.18802	18.81	0.00242	0.38	0.0277650191954674	0.000710125917576697	3
10	2010	0.18989	19.13	0.00187	0.32	0.0283200535587356	0.000555034363268223	3
10	2011	0.19188	19.49	0.00199	0.36	0.0289167380578477	0.000596684499112085	3
10	2012	0.19351	19.87	0.00163	0.38	0.0294101139529003	0.000493375895052537	3
10	2013	0.19497	20.18	0.00146	0.31	0.0298555767115346	0.000445462758634301	3
10	2014	0.1971	20.55	0.00213	0.37	0.030511469864911	0.000655893153376492	3
10	2015	0.19918	20.86	0.00208	0.31	0.0311588440400286	0.00064737417511758	3
10	2016	0.20164	21.01	0.00246	0.15	0.0319332601379869	0.000774416097958296	3
10	2017	0.20337	21.19	0.00173	0.18	0.0324835629485596	0.000550302810572644	3
10	2018	0.20584	21.36	0.00247	0.17	0.0332774031211959	0.000793840172636359	3
11	2002	0.11519	10.93	0.00128	0.26	0.0104212409635454	0.000230316440619976	3
11	2003	0.11625	11.33	0.00106	0.4	0.0106139198675383	0.000192678903992906	3
11	2004	0.11767	11.73	0.00142	0.4	0.0108748027480407	0.000260882880502342	3
11	2005	0.11925	12.14	0.00158	0.41	0.0111688036699786	0.000294000921937955	3
11	2006	0.12046	12.62	0.00121	0.48	0.0113966077004137	0.000227804030435082	3
11	2007	0.12187	12.97	0.00141	0.35	0.0116649667074936	0.000268359007079905	3
11	2008	0.12287	13.39	0.001	0.42	0.0118571850540035	0.000192218346509891	3
11	2009	0.12371	13.8	0.00084	0.41	0.0120198623764732	0.000162677322469657	3
11	2010	0.12461	14.25	9e-04	0.45	0.0121953894412145	0.000175527064741369	3
11	2011	0.12587	14.61	0.00126	0.36	0.0124432648714939	0.00024787543027942	3
11	2012	0.12716	14.93	0.00129	0.32	0.0126996256649909	0.00025636079349695	3
11	2013	0.12808	15.36	0.00092	0.43	0.0128840534900384	0.000184427825047516	3
11	2014	0.12942	15.73	0.00134	0.37	0.0131550551263187	0.000271001636280293	3
11	2015	0.13097	16.01	0.00155	0.28	0.0134720453593577	0.000316990233038945	3
11	2016	0.13273	16.23	0.00176	0.22	0.0138365580717684	0.000364512712410715	3
11	2017	0.13422	16.48	0.00149	0.25	0.0141489545109496	0.000312396439181237	3
11	2018	0.13589	16.68	0.00167	0.2	0.0145032348204681	0.000354280309518525	3
12	2002	0.13613	12.025	0.00235	0.315	0.0145545093824859	0.000498169022964121	3
12	2003	0.13799	12.36	0.00186	0.335	0.0149549550033498	0.000400445620863949	3
12	2004	0.14057	12.76	0.00258	0.4	0.0155194087253315	0.000564453721981665	3
12	2005	0.14278	13.04	0.00221	0.28	0.0160112278041446	0.000491819078813056	3
12	2006	0.14464	13.335	0.00186	0.295	0.0164311026047746	0.000419874800630074	3
12	2007	0.14625	13.655	0.00161	0.32	0.0167989304042932	0.000367827799518607	3
12	2008	0.14771	13.865	0.00146	0.21	0.0171360088446972	0.000337078440403977	3
12	2009	0.14934	14.135	0.00163	0.27	0.0175162919595299	0.000380283114832655	3
12	2010	0.15085	14.495	0.00151	0.36	0.017872302658282	0.000356010698752121	3
12	2011	0.15258	14.685	0.00173	0.19	0.0182845847792471	0.000412282120965057	3
12	2012	0.15421	14.945	0.00163	0.26	0.0186773370324014	0.000392752253154384	3
12	2013	0.15538	15.215	0.00117	0.27	0.0189618241907667	0.000284487158365271	3
12	2014	0.15681	15.515	0.00143	0.3	0.0193124508280291	0.000350626637262401	3
12	2015	0.1586	15.845	0.00179	0.33	0.0197558739861729	0.000443423158143767	3
12	2016	0.16051	16.08	0.00191	0.235	0.0202345742453034	0.000478700259130561	3
12	2017	0.16185	16.38	0.00134	0.3	0.0205738367209202	0.000339262475616757	3
12	2018	0.16307	16.58	0.00122	0.2	0.0208851704378465	0.00031133371692634	3
2	2002	0.09565	10.975	0.00223	0.16	0.00718554692856559	0.000331144364580428	2
2	2003	0.09757	11.125	0.00192	0.15	0.00747691582417837	0.000291368895612778	2
2	2004	0.09941	11.45	0.00184	0.325	0.00776157804779426	0.000284662223615895	2
2	2005	0.10117	11.65	0.00176	0.2	0.00803883993575536	0.000277261887961098	2
2	2006	0.1029	11.89	0.00173	0.24	0.00831611776729918	0.000277277831543815	2
2	2007	0.10436	12.145	0.00146	0.255	0.00855377893738398	0.000237661170084803	2
2	2008	0.10588	12.345	0.00152	0.2	0.00880476454439045	0.000250985607006471	2
2	2009	0.10776	12.885	0.00188	0.54	0.00912021437601153	0.000315449831621076	2
2	2010	0.10982	13.245	0.00206	0.36	0.00947224145673908	0.000352027080727554	2
2	2011	0.11237	13.61	0.00255	0.365	0.00991723588244854	0.000444994425709461	2
2	2012	0.11534	14.01	0.00297	0.4	0.0104483996393366	0.000531163756888081	2
2	2013	0.11673	14.43	0.00139	0.42	0.0107017512583103	0.000253351618973707	2
2	2014	0.1203	14.78	0.00357	0.35	0.0113663529065226	0.000664601648212249	2
2	2015	0.12369	15.01	0.00339	0.23	0.0120159762263607	0.000649623319838094	2
2	2016	0.12682	15.2	0.00313	0.19	0.0126318040203074	0.000615827793946735	2
2	2017	0.12985	15.435	0.00303	0.235	0.0132426161045031	0.000610812084195642	2
2	2018	0.13282	15.6	0.00297	0.165	0.0138553286951745	0.000612712590671435	2
3	2002	0.18439	15.525	0.00228	0.27	0.0267032800234555	0.000656294413298179	2
3	2003	0.18625	15.765	0.00186	0.24	0.0272447259774794	0.000541445954023835	2
3	2004	0.1885	16.065	0.00225	0.3	0.027906963891379	0.000662237913899688	2
3	2005	0.19095	16.255	0.00245	0.19	0.0286371112574769	0.000730147366097841	2
3	2006	0.19303	16.575	0.00208	0.32	0.0292643918059821	0.000627280548505223	2
3	2007	0.19553	16.77	0.0025	0.195	0.0300273275819064	0.000762935775924278	2
3	2008	0.19898	17.06	0.00345	0.29	0.031096301213481	0.00106897363157465	2
3	2009	0.20429	17.48	0.00531	0.42	0.032778124330627	0.00168182311714597	2
3	2010	0.21014	17.82	0.00585	0.34	0.0346822558116393	0.0019041314810123	2
3	2011	0.21585	18.03	0.00571	0.21	0.0365926605819419	0.00191040477030264	2
3	2012	0.22036	18.24	0.00451	0.21	0.0381377799651207	0.00154511938317876	2
3	2013	0.22294	18.44	0.00258	0.2	0.0390360508401726	0.000898270875051952	2
3	2014	0.22599	18.74	0.00305	0.3	0.0401114466725294	0.00107539583235676	2
3	2015	0.22964	19.07	0.00365	0.33	0.0414176026954684	0.00130615602293905	2
3	2016	0.23358	19.34	0.00394	0.27	0.0428510225162294	0.00143341982076093	2
3	2017	0.23673	19.64	0.00315	0.3	0.0440145714384459	0.00116354892221648	2
3	2018	0.23918	19.87	0.00245	0.23	0.0449303295963049	0.000915758157859069	2
4	2002	0.1176	13.99	0.00428	0.275	0.0108618681042275	0.000776238535856643	2
4	2003	0.12117	14.32	0.00357	0.33	0.0115313484887511	0.000669480384523638	2
4	2004	0.12511	14.6	0.00394	0.28	0.0122934542558963	0.000762105767145202	2
4	2005	0.1291	14.875	0.00399	0.275	0.0130900819636942	0.00079662770779789	2
4	2006	0.13262	15.205	0.00352	0.33	0.013813633477476	0.000723551513781822	2
4	2007	0.13679	15.505	0.00417	0.3	0.0146959809545438	0.000882347477067777	2
4	2008	0.1422	15.755	0.00541	0.25	0.0158814105983537	0.00118542964380983	2
4	2009	0.14833	15.985	0.00613	0.23	0.0172801645935184	0.00139875399516471	2
4	2010	0.15461	16.23	0.00628	0.245	0.0187743556967296	0.00149419110321123	2
4	2011	0.16069	16.59	0.00608	0.36	0.0202799828255184	0.00150562712878883	2
4	2012	0.16682	16.75	0.00613	0.16	0.0218567766883085	0.00157679386279005	2
4	2013	0.17106	17.03	0.00424	0.28	0.0229819468936511	0.00112517020534262	2
4	2014	0.17538	17.19	0.00432	0.16	0.0241573901212735	0.00117544322762242	2
4	2015	0.1796	17.5	0.00422	0.31	0.0253339288222542	0.00117653870098072	2
4	2016	0.18292	17.695	0.00332	0.195	0.0262792076623411	0.000945278840086878	2
4	2017	0.18604	17.95	0.00312	0.255	0.0271833228422065	0.000904115179865428	2
4	2018	0.18814	18.2	0.0021	0.25	0.0278004714402446	0.000617148598038111	2
5	2002	0.16398	NA	0.0028	NA	0.0211189171049451	0.000715064187068881	2
5	2003	0.16665	NA	0.00267	NA	0.0218122525449653	0.000693335440020142	2
5	2004	0.16937	16.2	0.00272	NA	0.0225300863601176	0.000717833815152284	2
5	2005	0.17226	16.54	0.00289	0.34	0.0233055183706002	0.000775432010482644	2
5	2006	0.17484	16.78	0.00258	0.24	0.0240088565630896	0.000703338192489358	2
5	2007	0.17736	17.17	0.00252	0.39	0.024705931990624	0.000697075427534426	2
5	2008	0.18023	17.51	0.00287	0.34	0.0255119730095695	0.000806041018945474	2
5	2009	0.18413	17.89	0.0039	0.38	0.0266280269413499	0.00111605393178043	2
5	2010	0.18932	18.26	0.00519	0.37	0.0281502899813367	0.00152226303998683	2
5	2011	0.19388	18.625	0.00456	0.365	0.0295226884488721	0.0013723984675354	2
5	2012	0.19728	18.995	0.0034	0.37	0.0305672240238936	0.00104453557502146	2
5	2013	0.19941	19.325	0.00213	0.33	0.0312308459664368	0.000663621942543221	2
5	2014	0.20193	19.645	0.00252	0.32	0.0320251794476596	0.000794333481222791	2
5	2015	0.20498	19.975	0.00305	0.33	0.0329999178659972	0.000974738418337576	2
5	2016	0.20728	20.205	0.0023	0.23	0.0337446308337343	0.000744712967737134	2
5	2017	0.21056	20.455	0.00328	0.25	0.0348210309547226	0.00107640012098829	2
5	2018	0.21458	20.72	0.00402	0.265	0.0361633257389735	0.0013422947842509	2
6	2002	0.08509	9.33	0.00102	0.16	0.00568652468417166	0.000135515112386718	2
6	2003	0.08571	9.59	0.00062	0.26	0.0057696952080828	8.31705239111379e-05	2
6	2004	0.08668	9.79	0.00097	0.2	0.00590102815378924	0.000131332945706443	2
6	2005	0.08772	10.05	0.00104	0.26	0.00604348053107362	0.000142452377284377	2
6	2006	0.08859	10.28	0.00087	0.23	0.00616395251973771	0.000120471988664086	2
6	2007	0.08969	10.45	0.0011	0.17	0.00631797538276525	0.000154022863027545	2
6	2008	0.09079	10.79	0.0011	0.34	0.00647389890934822	0.000155923526582967	2
6	2009	0.0922	11.22	0.00141	0.43	0.00667654412333556	0.00020264521398734	2
6	2010	0.09386	11.75	0.00166	0.53	0.00691912188592323	0.00024257776258767	2
6	2011	0.09587	12.35	0.00201	0.6	0.00721863920894144	0.00029951732301821	2
6	2012	0.09778	12.84	0.00191	0.49	0.0075091356057345	0.000290496396793059	2
6	2013	0.09929	13.33	0.00151	0.49	0.00774285101398621	0.000233715408251711	2
6	2014	0.10068	13.92	0.00139	0.59	0.00796115895230729	0.000218307938321077	2
6	2015	0.10259	14.42	0.00191	0.5	0.00826608641203424	0.000304927459726956	2
6	2016	0.10453	14.83	0.00194	0.41	0.00858166944718383	0.000315583035149584	2
6	2017	0.10572	15.32	0.00119	0.49	0.00877817410417046	0.000196504656986634	2
6	2018	0.10691	15.7	0.00119	0.38	0.00897690316583547	0.000198729061665006	2
7	2002	0.12395	12.86	0.00224	0.345	0.0120665451866684	0.000432187644717287	3
7	2003	0.1257	13.19	0.00175	0.33	0.0124096758267797	0.000343130640111303	3
7	2004	0.12831	13.42	0.00261	0.23	0.0129303681841145	0.000520692357334769	3
7	2005	0.13064	13.67	0.00233	0.25	0.0134042409148939	0.000473872730779427	3
7	2006	0.13287	13.93	0.00223	0.26	0.0138657623170761	0.000461521402182198	3
7	2007	0.1354	14.22	0.00253	0.29	0.0143988301932716	0.000533067876195422	3
7	2008	0.13743	14.52	0.00203	0.3	0.0148338189605386	0.000434988767267047	3
7	2009	0.13936	14.8	0.00193	0.28	0.0152533823507969	0.000419563390258287	3
7	2010	0.14127	15.06	0.00191	0.26	0.0156743583581919	0.000420976007394969	3
7	2011	0.14366	15.305	0.00239	0.245	0.0162092009200773	0.000534842561885433	3
7	2012	0.14557	15.565	0.00191	0.26	0.0166430778777042	0.000433876957626939	3
7	2013	0.14703	15.82	0.00146	0.255	0.016978596831515	0.000335518953810737	3
7	2014	0.14901	16.13	0.00198	0.31	0.0174389651906535	0.000460368359138516	3
7	2015	0.15111	16.37	0.0021	0.24	0.0179339639539311	0.000494998763277563	3
7	2016	0.15282	16.6	0.00171	0.23	0.0183421513230314	0.000408187369100375	3
7	2017	0.155	16.805	0.00218	0.205	0.0188691908756237	0.000527039552592269	3
7	2018	0.15725	17.03	0.00225	0.225	0.0194209821727956	0.00055179129717192	3
8	2002	0.17946	15.84	0.00289	0.33	0.0252944481132173	0.000808117140450591	3
8	2003	0.18171	16.17	0.00225	0.33	0.0259326881862344	0.000638240073017078	3
8	2004	0.18387	16.39	0.00216	0.22	0.026552880045076	0.000620191858841656	3
8	2005	0.186	16.61	0.00213	0.22	0.0271716348608981	0.000618754815822078	3
8	2006	0.18793	16.81	0.00193	0.2	0.0277384448559098	0.000566809995011674	3
8	2007	0.18981	17	0.00188	0.19	0.0282961963041243	0.000557751448214494	3
8	2008	0.19124	17.23	0.00143	0.23	0.0287241609414568	0.000427964637332512	3
8	2009	0.1927	17.44	0.00146	0.21	0.0291644177669048	0.000440256825448039	3
8	2010	0.19449	17.6	0.00179	0.16	0.0297087537505505	0.000544335983645684	3
8	2011	0.19679	17.74	0.0023	0.14	0.0304155681153111	0.000706814364760554	3
8	2012	0.19875	17.94	0.00196	0.2	0.0310244546388295	0.000608886523518446	3
8	2013	0.20023	18.24	0.00148	0.3	0.0314882247144933	0.000463770075663826	3
8	2014	0.20216	18.57	0.00193	0.33	0.0320981749027445	0.000609950188251132	3
8	2015	0.20342	18.77	0.00126	0.2	0.032499537554504	0.000401362651759526	3
8	2016	0.20464	18.98	0.00122	0.21	0.0328905348354623	0.000390997280958272	3
8	2017	0.2059	19.18	0.00126	0.2	0.0332968059115838	0.000406271076121491	3
8	2018	0.20721	19.41	0.00131	0.23	0.033721843055802	0.000425037144218273	3
9	2002	0.08714	10.77	0.00124	0.25	0.00596382639181965	0.000168522569760925	3
9	2003	0.08823	11.05	0.00109	0.28	0.00611395784256701	0.000150131450747362	3
9	2004	0.08957	11.26	0.00134	0.21	0.00630108052579278	0.00018712268322577	3
9	2005	0.09103	11.48	0.00146	0.22	0.00650817117192477	0.000207090646131984	3
9	2006	0.09239	11.73	0.00136	0.25	0.00670408968626206	0.00019591851433729	3
9	2007	0.09365	11.96	0.00126	0.23	0.00688819518390332	0.000184105497641262	3
9	2008	0.09489	12.19	0.00124	0.23	0.00707181310636474	0.000183617922461424	3
9	2009	0.09628	12.44	0.00139	0.25	0.00728051405435114	0.000208700947986399	3
9	2010	0.09747	12.69	0.00119	0.25	0.00746159741839946	0.000181083364048324	3
9	2011	0.09901	12.91	0.00154	0.22	0.00769924256636173	0.000237645147962269	3
9	2012	0.10023	13.14	0.00122	0.23	0.00789015149705361	0.000190908930691876	3
9	2013	0.1012	13.39	0.00097	0.25	0.00804360816654516	0.000153456669491553	3
9	2014	0.10229	13.66	0.00109	0.27	0.00821781269931919	0.000174204532774024	3
9	2015	0.1035	13.88	0.00121	0.22	0.00841338147585432	0.000195568776535129	3
9	2016	0.10476	14.09	0.00126	0.21	0.00861947592295585	0.000206094447101532	3
9	2017	0.1058	14.29	0.00104	0.2	0.00879146429773221	0.000171988374776367	3
9	2018	0.10701	14.48	0.00121	0.19	0.00899370440334687	0.000202240105614657	3
25	2002	0.095213	NA	0.00052	NA	0.00712003912106394	7.75589482814414e-05	2
26	2002	0.17591	NA	0.002628	NA	0.024303618457308	0.000720741497383257	2
27	2002	0.12114	NA	0.003434	NA	0.0115256391938819	0.000644181346229396	2
28	2002	0.143329	NA	0.00211	NA	0.0161345933103837	0.00047155013562266	2
29	2002	0.176675	NA	0.00237	NA	0.0245154619600608	0.000653311942312492	2
30	2002	0.162185	NA	0.002762	NA	0.0206590930463688	0.000697654498458704	2
31	2002	0.097594	NA	0.001542	NA	0.00748059457891024	0.000234521566059363	2
32	2002	0.166757	NA	0.002794	NA	0.0218402712702299	0.000725732784393057	2
33	2002	0.116172	NA	0.001652	NA	0.0105996814502075	0.00029931774077852	2
34	2002	0.196527	NA	0.003706	NA	0.0303343246671102	0.00113326961447787	2
35	2002	0.116772	NA	0.003134	NA	0.0107094537240722	0.000567139893656223	2
36	2002	0.135134	NA	0.00438	NA	0.0143423113360796	0.000914666407288062	2
37	2002	0.140856	NA	0.00326	NA	0.0155826237239017	0.000712947947425571	2
38	2002	0.083238	NA	0.00228	NA	0.0054416819463781	0.000294027059988833	2
39	2002	0.17444	NA	0.001862	NA	0.023899127014885	0.000507483072350223	2
40	2002	0.205292	NA	0.00263	NA	0.0331004526510887	0.000842668627782185	2
41	2002	0.159203	NA	0.00237	NA	0.0199063839273638	0.000588267402702923	2
42	2002	0.136442	NA	0.0011	NA	0.0146213015775223	0.000234804519884892	2
43	2002	0.08645	NA	0.001168	NA	0.00586975367746258	0.000157537500959194	3
44	2002	0.145214	NA	0.002202	NA	0.0165617741635461	0.000498471520637558	3
45	2002	0.192287	NA	0.001634	NA	0.0290395397487366	0.000491442448977784	3
46	2002	0.170224	NA	0.002518	NA	0.0227578622544489	0.000668301376216669	3
47	2002	0.176825	NA	0.002232	NA	0.024557107697675	0.000616038811583688	3
48	2002	0.23552	NA	0.00302	NA	0.0435657772564218	0.00111009778626849	3
49	2002	0.149593	NA	0.001198	NA	0.0175756916611121	0.000280378995041547	3
50	2002	0.121568	NA	0.000972	NA	0.0116072255885471	0.000184869696337433	3
51	2002	0.195172	NA	0.002794	NA	0.0299174729072079	0.000850440676679758	3
52	2002	0.158028	NA	0.002666	NA	0.0196136295697558	0.000656198390518718	3
53	2002	0.209995	NA	0.00237	NA	0.0346344096893193	0.000777355214965365	3
54	2002	0.169846	NA	0.001438	NA	0.0226569021008536	0.000382024933180326	3
55	2002	0.195561	NA	0.002544	NA	0.0300368496086531	0.00077639941053324	3
56	2002	0.111169	NA	0.00178	NA	0.00970637977127125	0.000308342009658255	3
57	2002	0.148531	NA	0.0024	NA	0.0173270285644394	0.000555424784695249	3
58	2002	0.190036	NA	0.003388	NA	0.0283636189633992	0.00100232937099472	3
59	2002	0.155318	NA	0.0027	NA	0.0189466948491753	0.000653001395878684	3
60	2002	0.158449	NA	0.00233	NA	0.0197182735211245	0.000575652431650208	3
25	2003	0.096147	NA	0.000934	NA	0.00726041352330353	0.000140374402239586	2
26	2003	0.179046	NA	0.003136	NA	0.025177878152275	0.000874259694966933	2
27	2003	0.124786	NA	0.003646	NA	0.0122298634694376	0.000704224275555707	2
28	2003	0.146545	NA	0.003216	NA	0.0168667687975926	0.000732175487208817	2
29	2003	0.179223	NA	0.002548	NA	0.0252276830874596	0.000712221127398785	2
30	2003	0.165235	NA	0.00305	NA	0.0214434159996806	0.000784322953311756	2
31	2003	0.099628	NA	0.002034	NA	0.00779565669715715	0.000315062118246914	2
32	2003	0.169807	NA	0.00305	NA	0.0226464983500003	0.000806227079770381	2
33	2003	0.118332	NA	0.00216	NA	0.0109975081137717	0.000397826663564207	2
34	2003	0.199773	NA	0.003246	NA	0.0313446528534434	0.00101032818633321	2
35	2003	0.119596	NA	0.002824	NA	0.0112337095365469	0.00052425581247466	2
36	2003	0.139782	NA	0.004648	NA	0.0153459006239585	0.00100358928787889	2
37	2003	0.144032	NA	0.003176	NA	0.0162932553499311	0.000710631626029338	2
38	2003	0.086076	NA	0.002838	NA	0.00581907607773925	0.000377394131361154	2
39	2003	0.175966	NA	0.001526	NA	0.0243190947721001	0.000419967757215096	2
40	2003	0.207834	NA	0.002542	NA	0.0339252513280874	0.000824798676998709	2
41	2003	0.162167	NA	0.002964	NA	0.0206545076279971	0.000748123700633353	2
42	2003	0.137624	NA	0.001182	NA	0.014875728180387	0.000254426602864725	2
43	2003	0.087618	NA	0.001168	NA	0.0060294340964699	0.00015968041900732	3
44	2003	0.146908	NA	0.001694	NA	0.0169504321109419	0.00038865794739585	3
45	2003	0.195337	NA	0.00305	NA	0.0299680792406873	0.000928539491950753	3
46	2003	0.172936	NA	0.002712	NA	0.0234887929923828	0.000730930737933982	3
47	2003	0.178689	NA	0.001864	NA	0.0250775738571971	0.000520466159522115	3
48	2003	0.23824	NA	0.00272	NA	0.0445778626926058	0.00101208543618399	3
49	2003	0.150933	NA	0.00134	NA	0.0178919753028394	0.000316283641727266	3
50	2003	0.122626	NA	0.001058	NA	0.0118101388997683	0.000202913311221213	3
51	2003	0.198644	NA	0.003472	NA	0.0309913707119485	0.00107389780474059	3
52	2003	0.161554	NA	0.003526	NA	0.0204986524522601	0.000885022882504319	3
53	2003	0.212539	NA	0.002544	NA	0.0354786549850649	0.000844245295745651	3
54	2003	0.171678	NA	0.001832	NA	0.0231483037154101	0.000491401614556467	3
55	2003	0.197765	NA	0.002204	NA	0.0307177038183614	0.000680854209708294	3
56	2003	0.113299	NA	0.00213	NA	0.0100818918592966	0.000375512088025391	3
57	2003	0.151131	NA	0.0026	NA	0.0179389489239834	0.000611920359544011	3
58	2003	0.193342	NA	0.003306	NA	0.0293590700340488	0.000995451070649578	3
59	2003	0.158182	NA	0.002864	NA	0.019651875585756	0.000705180736580688	3
60	2003	0.161077	NA	0.002628	NA	0.0203777836121142	0.000659510090989718	3
25	2004	0.097087	NA	0.00094	NA	0.00740307321428711	0.000142659690983585	2
26	2004	0.18221	NA	0.003164	NA	0.0260755992360462	0.000897721083771202	2
27	2004	0.128134	NA	0.003348	NA	0.0128949199103104	0.000665056440872747	2
28	2004	0.149503	NA	0.002958	NA	0.017554549810695	0.000687781013102406	2
29	2004	0.181507	NA	0.002284	NA	0.0258747783833973	0.000647095295937719	2
30	2004	0.168025	NA	0.00279	NA	0.022173675599176	0.000730259599495391	2
31	2004	0.101832	NA	0.002204	NA	0.00814438749320886	0.000348730796051702	2
32	2004	0.172723	NA	0.002916	NA	0.0234309677643616	0.000784469414361267	2
33	2004	0.120238	NA	0.001906	NA	0.0113546399841101	0.000357131870338336	2
34	2004	0.202989	NA	0.003216	NA	0.0323619654222809	0.00101731256883748	2
35	2004	0.12181	NA	0.002214	NA	0.0116534835580262	0.000419774021479337	2
36	2004	0.143504	NA	0.003722	NA	0.0161740169798791	0.000828116355920535	2
37	2004	0.146404	NA	0.002372	NA	0.0168343272910663	0.00054107194113524	2
38	2004	0.08836	NA	0.002284	NA	0.00613198799258468	0.000312911914845428	2
39	2004	0.177766	NA	0.0018	NA	0.0248191716057429	0.00050007683364283	2
40	2004	0.21054	NA	0.002706	NA	0.0348144163313905	0.000889165003303043	2
41	2004	0.164975	NA	0.002808	NA	0.0213759859545213	0.000721478326524232	2
42	2004	0.138778	NA	0.001154	NA	0.0151262449895129	0.000250516809125925	2
43	2004	0.08896	NA	0.001342	NA	0.00621554807398486	0.000186113977514961	3
44	2004	0.148834	NA	0.001926	NA	0.0173977941916716	0.000447362080729659	3
45	2004	0.198217	NA	0.00288	NA	0.0308582774164247	0.00089019817573743	3
46	2004	0.17548	NA	0.002544	NA	0.0241849466012345	0.000696153608851634	3
47	2004	0.180695	NA	0.002006	NA	0.0256437864815073	0.000566212624310187	3
48	2004	0.240936	NA	0.002696	NA	0.0455924859827336	0.00101462329012779	3
49	2004	0.152405	NA	0.001472	NA	0.0182426662139459	0.0003506909111065	3
50	2004	0.123918	NA	0.001292	NA	0.0120603155843656	0.000250176684597285	3
51	2004	0.202202	NA	0.003558	NA	0.0321115134799747	0.00112014276802615	3
52	2004	0.164848	NA	0.003294	NA	0.0213430875724587	0.000844435120198564	3
53	2004	0.215367	NA	0.002828	NA	0.036429079571706	0.000950424586641081	3
54	2004	0.173904	NA	0.002226	NA	0.0237524834514078	0.000604179735997763	3
55	2004	0.199799	NA	0.002034	NA	0.031352812254432	0.000635108436070609	3
56	2004	0.115497	NA	0.002198	NA	0.0104768635754042	0.000394971716107516	3
57	2004	0.153509	NA	0.002378	NA	0.0185079179942543	0.000568969070270816	3
58	2004	0.196448	NA	0.003106	NA	0.0303099419614926	0.000950871927443808	3
59	2004	0.161052	NA	0.00287	NA	0.0203714586239898	0.000719583038233843	3
60	2004	0.163685	NA	0.002608	NA	0.0210429995956283	0.000665215983514066	3
25	2005	0.097825	NA	0.000738	NA	0.00751604885708332	0.000112975642796205	2
26	2005	0.184472	NA	0.002262	NA	0.0267270357135179	0.000651436477471744	2
27	2005	0.130336	NA	0.002202	NA	0.0133419300132823	0.000447010102971932	2
28	2005	0.152713	NA	0.00321	NA	0.0183164750619263	0.000761925251231328	2
29	2005	0.183191	NA	0.001684	NA	0.026357131790138	0.000482353406740712	2
30	2005	0.170405	NA	0.00238	NA	0.0228062850742199	0.000632609475043865	2
31	2005	0.103272	NA	0.00144	NA	0.00837635465227273	0.000231967159063876	2
32	2005	0.175217	NA	0.002494	NA	0.024112506728171	0.000681538963809434	2
33	2005	0.121934	NA	0.001696	NA	0.0116772216331787	0.000322581649068582	2
34	2005	0.205443	NA	0.002454	NA	0.0331491638187998	0.000787198396518925	2
35	2005	0.123878	NA	0.002068	NA	0.0120525308434337	0.000399047285407463	2
36	2005	0.147318	NA	0.003814	NA	0.0170451767805517	0.000871159800672636	2
37	2005	0.148182	NA	0.001778	NA	0.017245698356445	0.000411371065378707	2
38	2005	0.090494	NA	0.002134	NA	0.00643175439363483	0.000299766401050156	2
39	2005	0.179496	NA	0.00173	NA	0.0253045973550104	0.000485425749267444	2
40	2005	0.212234	NA	0.001694	NA	0.0353769021251764	0.000562485793785934	2
41	2005	0.167077	NA	0.002102	NA	0.0219241729055834	0.000548186951062048	2
42	2005	0.140072	NA	0.001294	NA	0.0154096417010682	0.000283396711555209	2
43	2005	0.090048	NA	0.001088	NA	0.00636851277320845	0.000152964699223595	3
44	2005	0.15019	NA	0.001356	NA	0.0177162547246299	0.000318460532958344	3
45	2005	0.200165	NA	0.001948	NA	0.0314677841971472	0.000609506780722417	3
46	2005	0.178018	NA	0.002538	NA	0.0248895884949848	0.00070464189375034	3
47	2005	0.182193	NA	0.001498	NA	0.0260707338114483	0.000426947329941023	3
48	2005	0.242888	NA	0.001952	NA	0.0463342352096604	0.000741749226926852	3
49	2005	0.153379	NA	0.000974	NA	0.0184765841889503	0.000233917975004421	3
50	2005	0.12487	NA	0.000952	NA	0.0122463341360037	0.000186018551638108	3
51	2005	0.205334	NA	0.003132	NA	0.0331139978571509	0.00100248437717625	3
52	2005	0.167306	NA	0.002458	NA	0.0219843137544257	0.000641226181967051	3
53	2005	0.217613	NA	0.002246	NA	0.0371928581426915	0.00076377857098546	3
54	2005	0.175248	NA	0.001344	NA	0.0241210396197584	0.000368556168350562	3
55	2005	0.201493	NA	0.001694	NA	0.0318867170100696	0.000533904755637631	3
56	2005	0.117071	NA	0.001574	NA	0.0107643680230265	0.000287504447622339	3
57	2005	0.155315	NA	0.001806	NA	0.0189459629374122	0.000438044943157974	3
58	2005	0.198936	NA	0.002488	NA	0.0310825502236752	0.0007726082621826	3
59	2005	0.162778	NA	0.001726	NA	0.0208104416749885	0.000438983050998674	3
60	2005	0.165841	NA	0.002156	NA	0.0216009920479816	0.000557992452353318	3
25	2006	0.098571	NA	0.000746	NA	0.00763111865412648	0.000115069797043158	2
26	2006	0.187386	NA	0.002914	NA	0.0275780886174908	0.000851052903972905	2
27	2006	0.133896	NA	0.00356	NA	0.0140807272992209	0.000738797285938571	2
28	2006	0.156269	NA	0.003556	NA	0.0191794234336944	0.000862948371768125	2
29	2006	0.187789	NA	0.004598	NA	0.0276968373051397	0.00133970551500173	2
30	2006	0.172475	NA	0.00207	NA	0.0233637305313099	0.000557445457090033	2
31	2006	0.105052	NA	0.00178	NA	0.0086675934231178	0.000291238770845068	2
32	2006	0.178687	NA	0.00347	NA	0.025077012492289	0.000964505764117968	2
33	2006	0.124054	NA	0.00212	NA	0.0120868025028244	0.00040958086964576	2
34	2006	0.207897	NA	0.002454	NA	0.0339458217330111	0.000796657914211255	2
35	2006	0.127186	NA	0.003308	NA	0.0127048194999039	0.000652288656470178	2
36	2006	0.152828	NA	0.00551	NA	0.0183440717660542	0.0012988949855025	2
37	2006	0.149538	NA	0.001356	NA	0.0175627701295213	0.000317071773076268	2
38	2006	0.092738	NA	0.002244	NA	0.00675468860479737	0.000322934211162538	2
39	2006	0.181644	NA	0.002148	NA	0.025913853266993	0.000609255911982659	2
40	2006	0.214014	NA	0.00178	NA	0.0359728005506827	0.000595898425506267	2
41	2006	0.169675	NA	0.002598	NA	0.0226113033828118	0.000687130477228442	2
42	2006	0.141522	NA	0.00145	NA	0.0157303286461826	0.000320686945114427	2
43	2006	0.090992	NA	0.000944	NA	0.00650273870163384	0.000134225928425391	3
44	2006	0.151736	NA	0.001546	NA	0.0180828609912434	0.000366606266613473	3
45	2006	0.202029	NA	0.001864	NA	0.0320565890446717	0.000588804847524535	3
46	2006	0.18017	NA	0.002152	NA	0.0254949895596842	0.000605401064699359	3
47	2006	0.183917	NA	0.001724	NA	0.0265664564290892	0.000495722617640887	3
48	2006	0.244328	NA	0.00144	NA	0.0468852635239325	0.000551028314272103	3
49	2006	0.154679	NA	0.0013	NA	0.0187911168325962	0.000314532643645858	3
50	2006	0.125738	NA	0.000868	NA	0.0124171800266293	0.00017084589062559	3
51	2006	0.208044	NA	0.00271	NA	0.0339938435897409	0.000879845732589937	3
52	2006	0.170104	NA	0.002798	NA	0.0227257870961105	0.000741473341684788	3
53	2006	0.219723	NA	0.00211	NA	0.0379176070430973	0.00072474890040581	3
54	2006	0.176386	NA	0.001138	NA	0.0244353241498412	0.000314284530082854	3
55	2006	0.203067	NA	0.001574	NA	0.0323868408419385	0.000500123831868933	3
56	2006	0.118801	NA	0.00173	NA	0.0110848564666091	0.000320488443582607	3
57	2006	0.156899	NA	0.001584	NA	0.0193343792240764	0.000388416286664164	3
58	2006	0.200906	NA	0.00197	NA	0.0317011995134	0.000618649289724847	3
59	2006	0.164256	NA	0.001478	NA	0.021190068787576	0.000379627112587475	3
60	2006	0.167437	NA	0.001596	NA	0.0220187545108265	0.000417762462844834	3
25	2007	0.099357	NA	0.000786	NA	0.00775330415224683	0.000122185498120354	2
26	2007	0.191078	NA	0.003692	NA	0.0286755169009413	0.00109742828345049	2
27	2007	0.139364	NA	0.005468	NA	0.0152542579880677	0.00117353068884677	2
28	2007	0.160839	NA	0.00457	NA	0.0203176095401442	0.00113818610644978	2
29	2007	0.192641	NA	0.004852	NA	0.0291465616461976	0.00144972434105787	2
30	2007	0.174133	NA	0.001658	NA	0.023815080056524	0.00045134952521407	2
31	2007	0.10735	NA	0.002298	NA	0.00905094610645087	0.000383352683333069	2
32	2007	0.182413	NA	0.003726	NA	0.0261337332056563	0.0010567207133673	2
33	2007	0.126852	NA	0.002798	NA	0.0126381794930404	0.000551376990215948	2
34	2007	0.209871	NA	0.001974	NA	0.0345935192031454	0.000647697470134365	2
35	2007	0.131252	NA	0.004066	NA	0.0135301228863287	0.000825303386424878	2
36	2007	0.158084	NA	0.005256	NA	0.0196275329016726	0.00128346113561837	2
37	2007	0.151742	NA	0.002204	NA	0.0180842910976264	0.000521520968105118	2
38	2007	0.094738	NA	0.002	NA	0.00704917521695957	0.000294486612162199	2
39	2007	0.18469	NA	0.003046	NA	0.0267902424496995	0.000876389182706459	2
40	2007	0.215968	NA	0.001954	NA	0.0366326801715083	0.000659879620825608	2
41	2007	0.172049	NA	0.002374	NA	0.0232484598231333	0.000637156440321477	2
42	2007	0.143118	NA	0.001596	NA	0.0160871235964168	0.000356794950234201	2
43	2007	0.091838	NA	0.000846	NA	0.00662421951853085	0.000121480816897006	3
44	2007	0.152754	NA	0.001018	NA	0.0183263115039782	0.000243450512734798	3
45	2007	0.203383	NA	0.001354	NA	0.0324877159683286	0.000431126923656919	3
46	2007	0.182422	NA	0.002252	NA	0.0261363120723068	0.00064132251262259	3
47	2007	0.185075	NA	0.001158	NA	0.0269020513591766	0.00033559493008747	3
48	2007	0.245796	NA	0.001468	NA	0.0474503590984261	0.000565095574493531	3
49	2007	0.155455	NA	0.000776	NA	0.0189801338836257	0.00018901705102951	3
50	2007	0.126734	NA	0.000996	NA	0.0126146779075581	0.00019749788092884	3
51	2007	0.21053	NA	0.002486	NA	0.0348111092553438	0.000817265665602966	3
52	2007	0.172478	NA	0.002374	NA	0.0233645433076679	0.000638756211557318	3
53	2007	0.221665	NA	0.001942	NA	0.038590831103365	0.000673224060267701	3
54	2007	0.17726	NA	0.000874	NA	0.0246780802009536	0.000242756051112358	3
55	2007	0.204349	NA	0.001282	NA	0.0327970600455124	0.000410219203573856	3
56	2007	0.120131	NA	0.00133	NA	0.0113344399493983	0.000249583482789247	3
57	2007	0.157999	NA	0.0011	NA	0.0196064315660197	0.000272052341943278	3
58	2007	0.20258	NA	0.001674	NA	0.0322316853648589	0.000530485851458921	3
59	2007	0.165268	NA	0.001012	NA	0.0214519820225041	0.000261913234928128	3
60	2007	0.169389	NA	0.001952	NA	0.0225351415133498	0.000516387002523364	3
25	2008	0.100033	NA	0.000676	NA	0.00785916611715151	0.000105861964904677	2
26	2008	0.19583	NA	0.004752	NA	0.0301195396094745	0.00144402270853317	2
27	2008	0.144282	NA	0.004918	NA	0.0163498656714515	0.00109560768338385	2
28	2008	0.167031	NA	0.006192	NA	0.0219121021463429	0.00159449260619869	2
29	2008	0.198745	NA	0.006104	NA	0.0310228936796147	0.00187633203341711	2
30	2008	0.176839	NA	0.002706	NA	0.0245609964364598	0.000745916379935832	2
31	2008	0.11073	NA	0.00338	NA	0.00962987126083203	0.000578925154381156	2
32	2008	0.187493	NA	0.00508	NA	0.0276095925502471	0.00147585934459086	2
33	2008	0.130794	NA	0.003942	NA	0.0134358617015452	0.000797682208504808	2
34	2008	0.212205	NA	0.002334	NA	0.0353672348704552	0.000773715667309813	2
35	2008	0.136664	NA	0.005412	NA	0.0146689199006027	0.00113879701427401	2
36	2008	0.164866	NA	0.006782	NA	0.0213477487943195	0.00172021589264696	2
37	2008	0.15471	NA	0.002968	NA	0.0187986496327198	0.000714358535093398	2
38	2008	0.09746	NA	0.002722	NA	0.00746006644175955	0.000410891224799982	2
39	2008	0.188498	NA	0.003808	NA	0.0279063717043054	0.00111612925460589	2
40	2008	0.218342	NA	0.002374	NA	0.0374424664715516	0.000809786300043365	2
41	2008	0.175475	NA	0.003426	NA	0.0241835684041723	0.000935108581038971	2
42	2008	0.144584	NA	0.001466	NA	0.0164183818688636	0.000331258272446858	2
43	2008	0.092732	NA	0.000894	NA	0.00675381459801318	0.000129595079482333	3
44	2008	0.15445	NA	0.001696	NA	0.0187355180717089	0.000409206567730643	3
45	2008	0.205005	NA	0.001622	NA	0.0330079679026477	0.000520251934319073	3
46	2008	0.18412	NA	0.001698	NA	0.0266251347126132	0.000488822640306436	3
47	2008	0.186347	NA	0.001272	NA	0.0272731117664296	0.000371060407252953	3
48	2008	0.247046	NA	0.00125	NA	0.0479342056004825	0.000483846502056413	3
49	2008	0.156515	NA	0.00106	NA	0.0192398557885629	0.000259721904937209	3
50	2008	0.127562	NA	0.000828	NA	0.0127800490577636	0.000165371150205516	3
51	2008	0.212718	NA	0.002188	NA	0.0355384402810171	0.000727331025673274	3
52	2008	0.174658	NA	0.00218	NA	0.023958898457199	0.000594355149531114	3
53	2008	0.223691	NA	0.002026	NA	0.039299488998677	0.000708657895311972	3
54	2008	0.177966	NA	0.000706	NA	0.0248750498576353	0.000196969656681666	3
55	2008	0.205445	NA	0.001096	NA	0.0331498092401609	0.00035274919464854	3
56	2008	0.121431	NA	0.0013	NA	0.0115810790058889	0.000246639056490599	3
57	2008	0.159103	NA	0.001104	NA	0.0198813842325839	0.000274952666564261	3
58	2008	0.204782	NA	0.002202	NA	0.0329361962541956	0.000704510889336686	3
59	2008	0.166178	NA	0.00091	NA	0.0216888705649996	0.000236888542495543	3
60	2008	0.171175	NA	0.001786	NA	0.0230128578288029	0.000477716315453052	3
25	2009	0.100991	NA	0.000958	NA	0.00801041887457357	0.000151252757422058	2
26	2009	0.201848	NA	0.006018	NA	0.0319991750746907	0.00187963546521625	2
27	2009	0.148478	NA	0.004196	NA	0.0173146652373144	0.000964799565862928	2
28	2009	0.173255	NA	0.006224	NA	0.0235755283827944	0.00166342623645148	2
29	2009	0.205823	NA	0.007078	NA	0.0332719066920056	0.00224901301239086	2
30	2009	0.180649	NA	0.00381	NA	0.0256307317314653	0.00106973529500555	2
31	2009	0.115138	NA	0.004408	NA	0.0104118342057601	0.000781962944928083	2
32	2009	0.193597	NA	0.006104	NA	0.0294365648349352	0.00182697228468807	2
33	2009	0.134186	NA	0.003392	NA	0.0141417871212485	0.000705925419703294	2
34	2009	0.214645	NA	0.00244	NA	0.036185238053208	0.000818003182752727	2
35	2009	0.142184	NA	0.00552	NA	0.0158778369236129	0.00120891702301013	2
36	2009	0.172744	NA	0.007878	NA	0.0234366656764552	0.00208891688213566	2
37	2009	0.15882	NA	0.00411	NA	0.0198107202248785	0.00101207059215871	2
38	2009	0.100242	NA	0.002782	NA	0.00789204090114096	0.000431974459381407	2
39	2009	0.19188	NA	0.003382	NA	0.0289167380578477	0.00101036635354236	2
40	2009	0.220758	NA	0.002416	NA	0.0382756683654032	0.000833201893851533	2
41	2009	0.179579	NA	0.004104	NA	0.0253280047531887	0.00114443634901639	2
42	2009	0.14605	NA	0.001466	NA	0.016753016027661	0.000334634158797371	2
43	2009	0.093302	NA	0.00057	NA	0.00683709773231298	8.3283134299803e-05	3
44	2009	0.155892	NA	0.001442	NA	0.0190869940888106	0.000351476017101782	3
45	2009	0.206945	NA	0.00194	NA	0.0336356447630661	0.000627676860418452	3
46	2009	0.185828	NA	0.001708	NA	0.0271214051800306	0.000496270467417369	3
47	2009	0.187365	NA	0.001018	NA	0.0275719077138011	0.000298795947371495	3
48	2009	0.248324	NA	0.001278	NA	0.0484314277160049	0.000497222115522403	3
49	2009	0.157511	NA	0.000996	NA	0.0194855046904473	0.000245648901884412	3
50	2009	0.128408	NA	0.000846	NA	0.0129501275169942	0.000170078459230583	3
51	2009	0.215162	NA	0.002444	NA	0.0363597615510987	0.000821321270081603	3
52	2009	0.176718	NA	0.00206	NA	0.0245273967912266	0.000568498334027601	3
53	2009	0.225291	NA	0.0016	NA	0.0398636964197946	0.000564207421117617	3
54	2009	0.178726	NA	0.00076	NA	0.0250879602413262	0.000212910383690909	3
55	2009	0.206781	NA	0.001336	NA	0.033582354662016	0.000432545421855057	3
56	2009	0.122585	NA	0.001154	NA	0.0118022427807374	0.000221163774848489	3
57	2009	0.160149	NA	0.001046	NA	0.0201436582040301	0.000262273971446163	3
58	2009	0.206732	NA	0.00195	NA	0.0335664408168297	0.000630244562634059	3
59	2009	0.166926	NA	0.000748	NA	0.0218845617788252	0.000195691213825615	3
60	2009	0.173107	NA	0.001932	NA	0.0235352676351511	0.000522409806348222	3
25	2010	0.103101	NA	0.00211	NA	0.00834863812151784	0.000338219246944277	2
26	2010	0.207358	NA	0.00551	NA	0.0337700319957809	0.0017708569210902	2
27	2010	0.153056	NA	0.004578	NA	0.0183988466529075	0.00108418141559304	2
28	2010	0.178923	NA	0.005668	NA	0.0251432969242711	0.00156776854147678	2
29	2010	0.211869	NA	0.006046	NA	0.035255324378365	0.00198341768635946	2
30	2010	0.184973	NA	0.004324	NA	0.0268724065871806	0.00124167485571526	2
31	2010	0.120222	NA	0.005084	NA	0.0113516182746322	0.000939784068872044	2
32	2010	0.200713	NA	0.007116	NA	0.0316403213641778	0.00220375652924261	2
33	2010	0.137916	NA	0.00373	NA	0.0149389194944902	0.000797132373241763	2
34	2010	0.218961	NA	0.004316	NA	0.0376550663378685	0.0014698282846605	2
35	2010	0.147478	NA	0.005294	NA	0.017082221938468	0.00120438501485513	2
36	2010	0.180092	NA	0.007348	NA	0.0254729195288591	0.00203625385240393	2
37	2010	0.161742	NA	0.002922	NA	0.0205463886761713	0.000735668451292752	2
38	2010	0.103718	NA	0.003476	NA	0.00844886067863811	0.000556819777497147	2
39	2010	0.196034	NA	0.004154	NA	0.0301823245397184	0.00126558648187067	2
40	2010	0.223258	NA	0.0025	NA	0.0391474917427009	0.000871823377297708	2
41	2010	0.184103	NA	0.004524	NA	0.0266202182842585	0.00129221353106986	2
42	2010	0.148	NA	0.00195	NA	0.0172033613710577	0.000450345343396691	2
43	2010	0.094022	NA	0.00072	NA	0.00694302695871637	0.000105929226403389	3
44	2010	0.157588	NA	0.001696	NA	0.0195045605099907	0.000417566421180068	3
45	2010	0.209123	NA	0.002178	NA	0.0343473695188257	0.000711724755759535	3
46	2010	0.188214	NA	0.002386	NA	0.0278223449330333	0.000700939753002748	3
47	2010	0.188665	NA	0.0013	NA	0.0279558409665981	0.000383933252797043	3
48	2010	0.250438	NA	0.002114	NA	0.0492595380840498	0.000828110368044942	3
49	2010	0.158993	NA	0.001482	NA	0.0198539027110237	0.000368398020576376	3
50	2010	0.129254	NA	0.000846	NA	0.0131213302202886	0.000171202703294408	3
51	2010	0.217854	NA	0.002692	NA	0.0372752837533583	0.000915522202259635	3
52	2010	0.179786	NA	0.003068	NA	0.0253864293876635	0.000859032596436913	3
53	2010	0.227649	NA	0.002358	NA	0.0407025271994513	0.000838830779656748	3
54	2010	0.179574	NA	0.000848	NA	0.0253265943626558	0.000238634121329618	3
55	2010	0.208357	NA	0.001576	NA	0.0340962072914802	0.000513852629464219	3
56	2010	0.123799	NA	0.001214	NA	0.0120371633636213	0.000234920582883888	3
57	2010	0.161251	NA	0.001102	NA	0.0204218327246571	0.000278174520626964	3
58	2010	0.209614	NA	0.002882	NA	0.0345088472767622	0.00094240645993255	3
59	2010	0.167802	NA	0.000876	NA	0.0221148575854647	0.000230295806639424	3
60	2010	0.175173	NA	0.002066	NA	0.0241003981190222	0.000565130483871103	3
25	2011	0.105051	NA	0.00195	NA	0.00866742840860748	0.000318790287089634	2
26	2011	0.212074	NA	0.004716	NA	0.03532358200935	0.00155355001356908	2
27	2011	0.15615	NA	0.003094	NA	0.019150224009946	0.000751377357038497	2
28	2011	0.182757	NA	0.003834	NA	0.0262323937291371	0.00108909680486592	2
29	2011	0.215849	NA	0.00398	NA	0.0365923215263401	0.00133699714797508	2
30	2011	0.188957	NA	0.003984	NA	0.0280424433851736	0.001170036797993	2
31	2011	0.12296	NA	0.002738	NA	0.0118745617527492	0.00052294347811707	2
32	2011	0.205291	NA	0.004578	NA	0.0331001301799546	0.00145980881577678	2
33	2011	0.139356	NA	0.00144	NA	0.0152525067386589	0.000313587244168615	2
34	2011	0.222027	NA	0.003066	NA	0.0387169790106179	0.00106191267274944	2
35	2011	0.15146	NA	0.003982	NA	0.0180171372267358	0.000934915288267772	2
36	2011	0.18668	NA	0.006588	NA	0.0273706723484219	0.00189775281956279	2
37	2011	0.163474	NA	0.001732	NA	0.0209887831292254	0.000442394453054131	2
38	2011	0.10694	NA	0.003222	NA	0.00898194188775275	0.000533081209114645	2
39	2011	0.199622	NA	0.003588	NA	0.0312972865544234	0.00111496201470501	2
40	2011	0.225286	NA	0.002028	NA	0.0398619270080532	0.000714435265352371	2
41	2011	0.188389	NA	0.004286	NA	0.027874107011326	0.00125388872706752	2
42	2011	0.150192	NA	0.002192	NA	0.0177167265635722	0.000513365192514468	2
43	2011	0.094818	NA	0.000796	NA	0.00706108537170045	0.000118058412984077	3
44	2011	0.15886	NA	0.001272	NA	0.0198207004364204	0.000316139926429732	3
45	2011	0.210853	NA	0.00173	NA	0.0349180072146185	0.000570637695792846	3
46	2011	0.190314	NA	0.0021	NA	0.0284466648446218	0.00062431991158847	3
47	2011	0.189569	NA	0.000904	NA	0.0282243870837949	0.000268546117196761	3
48	2011	0.252274	NA	0.001836	NA	0.0499844442777166	0.000724906193666781	3
49	2011	0.160097	NA	0.001104	NA	0.0201305791317779	0.000276676420754178	3
50	2011	0.129806	NA	0.000552	NA	0.0132336430373004	0.000112312817011778	3
51	2011	0.22007	NA	0.002216	NA	0.0380374652203201	0.000762181466961782	3
52	2011	0.182208	NA	0.002422	NA	0.0260750268095904	0.000688597421926885	3
53	2011	0.229677	NA	0.002028	NA	0.0414309503244124	0.000728423124961075	3
54	2011	0.180188	NA	0.000614	NA	0.0255000840008888	0.000173489638232958	3
55	2011	0.210305	NA	0.001948	NA	0.0347367415722228	0.000640534280742622	3
56	2011	0.125079	NA	0.00128	NA	0.0122873628184822	0.000250199454860841	3
57	2011	0.162297	NA	0.001046	NA	0.0206876359738566	0.00026580324919958	3
58	2011	0.211988	NA	0.002374	NA	0.0352949390629769	0.000786091786214652	3
59	2011	0.169068	NA	0.001266	NA	0.0224498121678631	0.000334954582398479	3
60	2011	0.177073	NA	0.0019	NA	0.024626039505804	0.000525641386781791	3
25	2012	0.106363	NA	0.001312	NA	0.00888527835612674	0.000217849947519258	2
26	2012	0.216012	NA	0.003938	NA	0.0366476083286477	0.00132402631929772	2
27	2012	0.15759	NA	0.00144	NA	0.0195050555904354	0.000354831580489413	2
28	2012	0.184767	NA	0.00201	NA	0.0268125856050921	0.000580191875955014	2
29	2012	0.217387	NA	0.001538	NA	0.0371156456492479	0.000523324122907759	2
30	2012	0.190823	NA	0.001866	NA	0.0285990310932214	0.000556587708047826	2
31	2012	0.124122	NA	0.001162	NA	0.0121000568570972	0.000225495104347957	2
32	2012	0.207833	NA	0.002542	NA	0.033924924863989	0.000824794684034437	2
33	2012	0.140036	NA	0.00068	NA	0.015401721833953	0.000149215095294199	2
34	2012	0.224311	NA	0.002284	NA	0.039517642166436	0.00080066315581806	2
35	2012	0.153624	NA	0.002164	NA	0.0185356584890779	0.000518521262342135	2
36	2012	0.190302	NA	0.003622	NA	0.0284430776233335	0.00107240527491157	2
37	2012	0.164616	NA	0.001142	NA	0.0212830551549014	0.000294272025675998	2
38	2012	0.108824	NA	0.001884	NA	0.00930120575108536	0.000319263863332609	2
39	2012	0.202362	NA	0.00274	NA	0.032162352491587	0.000865065937163532	2
40	2012	0.225964	NA	0.000678	NA	0.0401022176126493	0.000240290604596051	2
41	2012	0.191955	NA	0.003566	NA	0.0289393478056513	0.00106524079432525	2
42	2012	0.152406	NA	0.002214	NA	0.0182429056119455	0.000526179048373297	2
43	2012	0.095646	NA	0.000828	NA	0.00718494595445733	0.000123860582756877	3
44	2012	0.160046	NA	0.001186	NA	0.0201177557058424	0.000297055269421961	3
45	2012	0.212151	NA	0.001298	NA	0.0353492372956118	0.000431230080993286	3
46	2012	0.192178	NA	0.001864	NA	0.0290066263153035	0.0005599614706817	3
47	2012	0.190417	NA	0.000848	NA	0.0284774644637211	0.000253077379926196	3
48	2012	0.254094	NA	0.00182	NA	0.0507082591826265	0.000723814904909886	3
49	2012	0.160781	NA	0.000684	NA	0.0203029587542201	0.000172379622442254	3
50	2012	0.13025	NA	0.000444	NA	0.0133243289294229	9.06858921225374e-05	3
51	2012	0.221848	NA	0.001778	NA	0.0386545762794676	0.00061711105914751	3
52	2012	0.184156	NA	0.001948	NA	0.026635547471198	0.000560520661607673	3
53	2012	0.231417	NA	0.00174	NA	0.0420610780669236	0.000630127742511227	3
54	2012	0.18061	NA	0.000422	NA	0.025619666177416	0.000119582176527255	3
55	2012	0.211689	NA	0.001384	NA	0.0351954452768124	0.000458703704589607	3
56	2012	0.126129	NA	0.00105	NA	0.0124945260354044	0.00020716321692228	3
57	2012	0.162997	NA	7e-04	NA	0.0208664756909716	0.000178839717114947	3
58	2012	0.213598	NA	0.00161	NA	0.0358330887480328	0.000538149685055944	3
59	2012	0.169914	NA	0.000846	NA	0.0226750476886933	0.000225235520830182	3
60	2012	0.178603	NA	0.00153	NA	0.0250534408398658	0.000427401334061762	3
25	2013	0.106937	NA	0.000574	NA	0.00898143795194377	9.61595958170365e-05	2
26	2013	0.2202	NA	0.004188	NA	0.038082417562742	0.00143480923409427	2
27	2013	0.159074	NA	0.001484	NA	0.0198741372592723	0.00036908166883691	2
28	2013	0.186491	NA	0.001724	NA	0.0273152787508136	0.000502693145721555	2
29	2013	0.218403	NA	0.001016	NA	0.0374633906135249	0.000347744964277003	2
30	2013	0.193233	NA	0.00241	NA	0.0293259759668921	0.000726944873670667	2
31	2013	0.125814	NA	0.001692	NA	0.012432195231018	0.000332138373920803	2
32	2013	0.209863	NA	0.00203	NA	0.0345908819366437	0.000665957072654683	2
33	2013	0.141096	NA	0.00106	NA	0.0156357704238136	0.000234048589860592	2
34	2013	0.226043	NA	0.001732	NA	0.0401302630445931	0.000612620878157104	2
35	2013	0.155928	NA	0.002304	NA	0.0190958105916018	0.000560152102523921	2
36	2013	0.193682	NA	0.00338	NA	0.0294624191332376	0.00101934150990414	2
37	2013	0.166266	NA	0.00165	NA	0.0217118474448185	0.000428792289917108	2
38	2013	0.110982	NA	0.002158	NA	0.00967375257462803	0.000372546823542668	2
39	2013	0.20402	NA	0.001658	NA	0.0326915391311208	0.000529186639533843	2
40	2013	0.226942	NA	0.000978	NA	0.040450103499348	0.000347885886698665	2
41	2013	0.194581	NA	0.002626	NA	0.0297365611345941	0.00079721332894285	2
42	2013	0.15413	NA	0.001724	NA	0.0186579634588253	0.000415057846879806	2
43	2013	0.0966	NA	0.000954	NA	0.00732899008563309	0.000144044131175762	3
44	2013	0.161322	NA	0.001276	NA	0.0204398204498221	0.000322064743979729	3
45	2013	0.213459	NA	0.001308	NA	0.0357864667881311	0.000437229492519252	3
46	2013	0.194132	NA	0.001954	NA	0.0295994839147405	0.000592857599437047	3
47	2013	0.191435	NA	0.001018	NA	0.0287827686286815	0.000305304164960451	3
48	2013	0.255258	NA	0.001164	NA	0.0511739105445023	0.00046565136187577	3
49	2013	0.161771	NA	0.00099	NA	0.0205537571851363	0.000250798430916167	3
50	2013	0.130758	NA	0.000508	NA	0.0134284664929696	0.000104137563546679	3
51	2013	0.223796	NA	0.001948	NA	0.0393363918228111	0.00068181554334347	3
52	2013	0.186042	NA	0.001886	NA	0.0271839073072454	0.000548359836047365	3
53	2013	0.232785	NA	0.001368	NA	0.0425598281557234	0.000498750088799745	3
54	2013	0.181098	NA	0.000488	NA	0.0257582995592725	0.000138633381856445	3
55	2013	0.213009	NA	0.00132	NA	0.0356357405553545	0.000440295278542106	3
56	2013	0.127163	NA	0.001034	NA	0.0127002248994422	0.000205698864037781	3
57	2013	0.163569	NA	0.000572	NA	0.0210131847315228	0.000146709040551241	3
58	2013	0.215256	NA	0.001658	NA	0.0363915382047279	0.000558449456695045	3
59	2013	0.17076	NA	0.000846	NA	0.0229014074535873	0.000226359764894005	3
60	2013	0.180199	NA	0.001596	NA	0.0255031975210558	0.000449756681190034	3
