Snr	strata	Df1	Df01	Df11	Df21	Df31	Df2	Df02	Df12	Df22	Df32	Bf	f0	f1	f2	f3	rf0	rf1	rf2	rf3
1	1	27.306	13.929	9.999	2.793	0	6.679	3.456	2.409	0	0	325.499	17.385	12.408	2.793	1.399	0.0534103023357983	0.0381199327801314	0.00858067152280038	0.0042980162765477
1	2	43.207	26.91	13.43	1.18	0	24.192	14.016	7.255	2.443	0	325.499	40.926	20.685	3.623	2.16499999999999	0.12573310517083	0.0635485823305141	0.0111306025517744	0.00665132611774535
1	3	22.385	14.635	5.569	1.874	0	36.585	19.997	10.454	5.756	0	325.499	34.632	16.023	7.63	0.684999999999995	0.106396640235454	0.0492259576834337	0.0234409322302065	0.00210446115041827
1	4	66.323	44.27	19.872	1.21	0	33.234	22.014	9.02	1.53	0	325.499	66.284	28.892	2.74	1.64099999999999	0.203638106415074	0.0887621774567664	0.00841784460167313	0.00504149014282683
1	5	22.992	10.743	11.491	0.47	0	42.596	19.903	21.94	0	0	325.499	30.646	33.431	0.47	1.04100000000001	0.0941508268842608	0.102706920758589	0.00144393684773225	0.00319816650742402
10	1	47.365	15.133	13.537	11.491	2.52	188.908	74.653	58.21	38.132	13.193	888.77	89.786	71.747	49.623	25.117	0.10102276179439	0.0807261721255218	0.0558333427095874	0.0282604048291459
10	2	92.159	41.621	25.896	19.567	3.82	91.078	38.679	28.395	19.019	3.663	888.77	80.3	54.291	38.586	10.0599999999999	0.0903495842568944	0.0610855451916694	0.0434150567638422	0.0113190139181115
10	3	132.188	63.497	42.891	21.752	2.485	142.176	63.379	42.589	28.964	6.148	888.77	126.876	85.48	50.716	11.292	0.142754593426871	0.0961778637892818	0.0570631321939309	0.0127051993204091
10	4	57.165	26.684	18.277	8.793	1.86	82.291	35.036	28.607	14.435	1.465	888.77	61.72	46.884	23.228	7.62400000000002	0.0694442881735432	0.0527515555205509	0.0261349955556556	0.00857814732720504
10	5	32.369	16.456	9.913	5.316	0	23.071	12.402	7.795	1.937	0	888.77	28.858	17.708	7.253	1.621	0.0324695928080381	0.0199241648570496	0.00816071649583132	0.00182386894247106
11	1	67.748	30.73	19.57	14.646	1.308	22.794	11.229	6.668	3.151	1.626	501.943	41.959	26.238	17.797	4.548	0.0835931569919294	0.0522728676363651	0.0354562171401932	0.00906078977095009
11	2	65.375	29.024	20.133	11.871	3.705	44.708	19.229	14.353	8.003	2.704	501.943	48.253	34.486	19.874	7.47	0.0961324293794315	0.0687050123221162	0.0395941371829072	0.0148821678955579
11	3	98.188	42.555	27.77	20.784	6.249	43.995	16.851	13.224	10.08	3.016	501.943	59.406	40.994	30.864	10.919	0.118352083802344	0.0816706279398258	0.0614890535379515	0.0217534660310035
11	4	74.484	33.672	23.366	12.335	4.643	48.156	22.434	14.408	9.296	1.702	501.943	56.106	37.774	21.631	7.129	0.111777632121576	0.0752555569058638	0.0430945346383952	0.0142028078885451
11	5	19.234	10.437	6.131	2.547	0	17.261	9.064	4.525	3.61	0	501.943	19.501	10.656	6.157	0.180999999999997	0.0388510249171719	0.0212295021546271	0.012266333029846	0.000360598713399723
12	1	12.07	3.192	2.967	4.461	1.221	62.897	27.038	18.594	15.34	1.474	733.322	30.23	21.561	19.801	3.37500000000001	0.0412233643610856	0.0294018180280968	0.0270017809366145	0.00460234385440504
12	2	104.548	41.834	37.335	22.721	2.133	83.47	31.341	26.827	21.009	3.477	733.322	73.175	64.162	43.73	6.95100000000002	0.0997856330506926	0.0874949885589141	0.0596327397787057	0.00947878285391686
12	3	91.235	36.775	30.808	17.114	5.92	104.452	35.388	31.033	25.45	12.581	733.322	72.163	61.841	42.564	19.119	0.0984056117230902	0.0843299396445218	0.0580427152055986	0.0260717665636651
12	4	68.672	28.86	20.691	14.577	4.37	110.596	50.104	30.976	24.105	5.232	733.322	78.964	51.667	38.682	9.95499999999998	0.107679845961256	0.0704560888668279	0.0527489970299541	0.0135752097986969
12	5	48.009	24.231	11.883	6.565	0	47.373	25.806	14.326	6.738	0	733.322	50.037	26.209	13.303	5.83300000000001	0.0682333272423301	0.0357400978015115	0.0181407349022667	0.00795421383785024
2	1	7.027	3.713	2.238	0.5	0	8.277	4.258	2.66	0.66	0	608.957	7.971	4.898	1.16	1.275	0.0130895941749582	0.00804326085421467	0.00190489640483647	0.00209374389324698
2	2	49.126	24.19	18.414	5.273	0	56.07	26.113	19.364	8.852	0.38	608.957	50.303	37.778	14.125	2.99000000000001	0.0826051757349041	0.0620372210188897	0.0231953980330303	0.00491003469867332
2	3	131.086	67.11	45.53	15.265	0	100.262	47.29	37.773	13.768	0.34	608.957	114.4	83.303	29.033	4.61200000000002	0.187862197166631	0.136796194148355	0.0476766011393251	0.00757360536129813
2	4	94.805	43.97	39.355	9.909	0	101.215	39.562	56.72	3.683	0	608.957	83.532	96.075	13.592	2.821	0.137172246973103	0.157769760426434	0.0223201309780494	0.00463251099831351
2	5	26.51	13.692	11.37	1.3	0	34.579	17.759	13.686	2.102	0	608.957	31.451	25.056	3.402	1.17999999999999	0.0516473248521653	0.0411457623444677	0.00558660135280488	0.00193773944629915
3	1	177.847	70.5	52.15	48.93	3.767	119.627	52.36	33.106	29.67	2.422	791.183	122.86	85.256	78.6	10.758	0.155286450795834	0.107757623710317	0.0993449050346127	0.0135973599028291
3	2	73.85	32.1	21.683	17.094	2.015	58.748	25.788	16.205	13.689	2.733	791.183	57.888	37.888	30.783	6.03900000000002	0.0731663850209117	0.0478877832309339	0.0389075599450443	0.00763287381048381
3	3	24.821	9.565	7.149	6.918	1.03	101.245	46.78	31.174	21.435	1.856	791.183	56.345	38.323	28.353	3.045	0.0712161408928149	0.048437592819866	0.035836209827562	0.00384866712252412
3	4	65.491	29.405	21.508	13.838	0	35.59	15.54	11.301	7.193	1.422	791.183	44.945	32.809	21.031	2.29599999999999	0.0568073378725276	0.0414682823063691	0.0265817137122511	0.00290198348548944
3	5	94.028	40.52	30.048	13.617	8.183	39.936	21.465	13.269	2.438	0.22	791.183	61.985	43.317	16.055	12.607	0.0783447065975887	0.0547496596868234	0.0202923975869047	0.0159343666383125
4	1	31.348	14.946	10.05	5.489	0	26.569	17.642	6.02	2.352	0	1213.379	32.588	16.07	7.841	1.418	0.0268572309229021	0.0132440070250103	0.00646211942023061	0.00116863733425418
4	2	78.175	43.14	20.36	14.25	0	80.049	37.607	21.874	19.871	0	1213.379	80.747	42.234	34.121	1.12199999999999	0.0665472206128506	0.0348069317171304	0.0281206449097932	0.000924690471814648
4	3	122.88	67.81	34.451	16.424	3.271	140.251	74.57	43.7	21.292	0	1213.379	142.38	78.151	37.716	4.88399999999996	0.11734173741263	0.0644077406976715	0.0310834454857056	0.00402512323025201
4	4	251.108	141.16	79.65	26.969	0.66	447.442	225.2	153.59	59.8	3.391	1213.379	366.36	233.24	86.769	12.181	0.301933690957236	0.192223534443896	0.0715102206318059	0.0100389078762695
4	5	23.127	16.108	7.019	0	0	12.43	6.274	5.736	0.42	0	1213.379	22.382	12.755	0.42	0	0.0184460090375719	0.0105119669946488	0.000346140818326343	0
5	1	263.207	110.14	87.68	59.78	2.227	123.561	45.85	44.8	26.189	2.72	1071.158	155.99	132.48	85.969	12.329	0.145627442450133	0.123679233129006	0.0802580011538914	0.0115099733185953
5	2	31.714	12.093	9.69	7.159	1.66	38.099	14.691	11.191	9.746	1.33	1071.158	26.784	20.881	16.905	5.243	0.0250047145239078	0.0194938561818144	0.0157819854773992	0.00489470274226584
5	3	87.215	28.894	29.2	20.643	4.99	163.776	66.51	46.25	37.379	8.189	1071.158	95.404	75.45	58.022	22.115	0.0890662255241524	0.0704377878893683	0.0541675457775604	0.0206458804396737
5	4	135.19	50.04	36.719	35.233	3.71	147.027	60.45	37.096	31.867	10.931	1071.158	110.49	73.815	67.1	30.812	0.103150048825663	0.0689114024261594	0.0626424859824601	0.0287651308210366
5	5	39.127	15.328	11.882	8.117	0	42.242	20.331	10.982	9.879	0	1071.158	35.659	22.864	17.996	4.84999999999999	0.033290140203406	0.0213451236885688	0.0168005093552959	0.0045278100896413
6	1	58.743	26.178	21.014	9.772	0.58	39.446	15.464	14.847	7.402	0.78	477.907	41.642	35.861	17.174	3.512	0.0871341076820385	0.0750376119203109	0.0359358619982549	0.00734871010468564
6	2	15.198	4.71	6.426	3.862	0	5.246	2.621	1.715	0.91	0	477.907	7.331	8.141	4.772	0.199999999999999	0.0153398046063355	0.017034695034808	0.00998520632675395	0.000418491463820365
6	3	71.976	35.58	23.979	10.527	0.64	111.174	53.29	39.833	16.726	0.92	477.907	88.87	63.812	27.253	3.215	0.18595668194858	0.133523886446526	0.0570257393174823	0.0067272502809124
6	4	65.048	28.822	29.57	3.652	0	64.923	28.958	27.273	4.689	0	477.907	57.78	56.843	8.341	7.007	0.120902183897704	0.118941551389706	0.0174531864986284	0.0146618484349466
6	5	18.144	10.683	7.461	0	0	28.009	21.87	6.139	0	0	477.907	32.553	13.6	0	-7.105427357601e-15	0.068115763108722	0.0284574195397849	0	-1.48678034797586e-17
7	1	67.062	27.233	26.082	11.994	0.488	99.328	36.748	37.709	20.322	2.554	801.331	63.981	63.791	32.316	6.30199999999999	0.0798434105257378	0.0796063050100395	0.040327904448973	0.00786441557858113
7	2	95.427	35.798	34.467	23.052	1.974	69.942	23.571	25.293	17.773	1.812	801.331	59.369	59.76	40.825	5.41499999999999	0.0740879861131043	0.074575924305936	0.0509464877809544	0.00675750719740032
7	3	121.342	45.353	42.436	32.104	1.051	117.839	45.198	41.951	28.616	1.021	801.331	90.551	84.387	60.72	3.523	0.113000745010489	0.105308542911731	0.0757739311220956	0.00439643543055241
7	4	103.041	44.843	33.023	23.567	0.571	70.615	32.852	25.196	11.613	0	801.331	77.695	58.219	35.18	2.56200000000001	0.0969574370640846	0.0726528737812465	0.0439019581171825	0.00319718069062599
7	5	34.629	17.05	8.888	3.288	0	22.106	12.747	3.409	5.279	0	801.331	29.797	12.297	8.567	6.074	0.0371843844803209	0.0153457185607446	0.0106909629104577	0.00757988895974323
8	1	157.659	83.045	42.717	27.169	0.688	51.588	25.592	12.373	11.498	0	961.399	108.637	55.09	38.667	6.85300000000001	0.112998869356011	0.0573019110691815	0.0402195134382291	0.00712815386743694
8	2	82.436	45.991	23.532	10.902	0.174	44.319	22.917	11.747	8.236	0	961.399	68.908	35.279	19.138	3.43000000000001	0.0716747157007653	0.0366954823127546	0.019906407225304	0.00356771746174066
8	3	145.976	71.861	41.931	30.755	0.44	218.747	137.677	54.584	22.396	0.532	961.399	209.538	96.515	53.151	5.51899999999995	0.217951131632132	0.100390160588892	0.0552850585448914	0.00574059261555291
8	4	80.292	40.541	21.655	15.886	0	101.867	51.126	33.023	14.068	0.348	961.399	91.667	54.678	29.954	5.85999999999999	0.0953475092027348	0.0568733689134272	0.031156678964717	0.00609528406000005
8	5	32.121	16.203	10.72	4.694	0	46.394	24.848	13.532	7.097	0.504	961.399	41.051	24.252	11.791	1.42100000000001	0.0426992330967684	0.025225738741147	0.0122644188313073	0.00147805437700685
9	1	20.797	9.48	7.894	3.076	0.176	21	9.539	7.65	3.518	0	244.745	19.019	15.544	6.594	0.639999999999993	0.0777094526956628	0.063511001246195	0.0269423277288606	0.00261496659788757
9	2	21.19	10.613	5.817	4.76	0	17.376	7.103	6.184	3.752	0	244.745	17.716	12.001	8.512	0.336999999999996	0.072385544137776	0.0490347095957016	0.034779055751905	0.00137694334920017
9	3	25.595	11.794	8.51	5.039	0.252	43.926	18.892	15.293	9.232	0.271	244.745	30.686	23.803	14.271	0.76100000000001	0.125379476598092	0.0972563280148726	0.0583096692475842	0.00310935872030076
9	4	26.927	11.69	8.55	6.606	0.081	35.648	16.208	12.567	6.873	0	244.745	27.898	21.117	13.479	0.0810000000000031	0.113988028356044	0.0862816400743631	0.0550736480826983	0.000330956710045162
9	5	15.649	6.892	6.123	2.461	0	16.637	7.616	5.287	3.315	0	244.745	14.508	11.41	5.776	0.592000000000002	0.0592780240658645	0.0466199513779648	0.0236000735459356	0.00241884410304604
