Snr	strata	age	plot	rn	dw.g	area.cm	sla	area.n	dw.n	yr	ag	bg	pch
1	1	1	0	2	47	0.3	16.8193212	56.064404	0.35785789787234	0.00638297872340425	18	0	1	24
2	1	1	1	2	43	0.45	21.999956	48.8887911111111	0.51162688372093	0.0104651162790698	18	1	1	24
3	1	1	2	2	45	0.38	18.7483496	49.3377621052632	0.416629991111111	0.00844444444444445	18	2	1	24
4	1	1	0	2	51	0.29	15.8580328	54.6828717241379	0.310941819607843	0.00568627450980392	18	0	1	24
5	1	1	1	2	65	0.47	25.7289808	54.7425123404255	0.395830473846154	0.00723076923076923	18	1	1	24
6	1	2	0	2	59	0.53	24.5870476	46.3906558490566	0.416729620338983	0.00898305084745763	18	0	1	24
7	1	2	1	2	48	0.42	19.322542	46.0060523809524	0.402552958333333	0.00875	18	1	1	24
8	1	2	2	2	56	0.48	23.7031784	49.3816216666667	0.423271042857143	0.00857142857142857	18	2	1	24
9	1	2	0	2	58	0.4	20.3096368	50.774092	0.350166151724138	0.00689655172413793	18	0	1	24
10	1	2	1	2	66	0.61	28.7160716	47.0755272131147	0.435091993939394	0.00924242424242424	18	1	1	24
11	1	2	2	2	44	0.41	18.7354464	45.6962107317073	0.4258056	0.00931818181818182	18	2	1	24
12	1	3	0	2	55	0.54	25.6967228	47.5865237037037	0.467213141818182	0.00981818181818182	18	0	1	24
13	1	3	1	2	49	0.52	23.0580184	44.3423430769231	0.470571804081633	0.0106122448979592	18	1	1	24
14	1	3	2	2	48	0.7	29.4386508	42.0552154285714	0.613305225	0.0145833333333333	18	2	1	24
15	1	3	0	2	49	0.46	21.8257628	47.4473104347826	0.445423730612245	0.00938775510204082	18	0	1	24
16	1	3	1	2	61	0.46	21.3096348	46.3252930434782	0.349338275409836	0.00754098360655738	18	1	1	24
17	1	3	2	2	46	0.42	19.8838312	47.3424552380952	0.4322572	0.0091304347826087	18	2	1	24
18	1	4	0	2	44	0.57	22.8322124	40.0565129824561	0.518913918181818	0.0129545454545455	18	0	1	24
19	1	4	1	2	58	0.81	31.8321944	39.2990054320988	0.548830937931035	0.0139655172413793	18	1	1	24
20	1	4	2	2	52	0.61	25.6257552	42.0094347540984	0.492802984615385	0.0117307692307692	18	2	1	24
21	1	4	0	2	49	0.57	25.16124	44.1425263157895	0.513494693877551	0.0116326530612245	18	0	1	24
22	1	4	1	2	46	0.58	23.7354364	40.9231662068966	0.515987747826087	0.0126086956521739	18	1	1	24
23	1	4	2	2	44	0.73	29.7870372	40.8041605479452	0.676978118181818	0.0165909090909091	18	2	1	24
26	1	5	0	2	47	0.7	26.741882	38.2026885714286	0.568976212765957	0.0148936170212766	18	0	1	24
27	1	5	1	2	42	0.89	31.5547756	35.4548040449438	0.751304180952381	0.0211904761904762	18	1	1	24
28	1	5	2	2	27	0.47	17.2644816	36.7329395744681	0.639425244444444	0.0174074074074074	18	2	1	24
24	1	5	0	2	55	0.83	32.5225156	39.1837537349398	0.591318465454546	0.0150909090909091	18	0	1	24
25	1	5	1	2	56	1.26	44.8450716	35.5913266666667	0.80080485	0.0225	18	1	1	24
143	2	1	0	2	115	0.5	26.6644628	53.3289256	0.231864893913043	0.00434782608695652	18	0	1	24
144	2	1	1	2	110	0.56	29.0515548	51.8777764285714	0.264105043636364	0.00509090909090909	18	1	1	24
145	2	1	2	2	68	0.5	25.0902724	50.1805448	0.368974594117647	0.00735294117647059	18	2	1	24
146	2	1	0	2	54	0.25	12.9225548	51.6902192	0.23930657037037	0.00462962962962963	18	0	1	24
147	2	1	1	2	58	0.33	17.7612548	53.8219842424242	0.306228531034483	0.00568965517241379	18	1	1	24
148	2	1	2	2	97	0.66	32.2128388	48.8073315151515	0.332091121649485	0.00680412371134021	18	2	1	24
149	2	2	0	2	68	0.57	25.6580132	45.014058245614	0.377323723529412	0.00838235294117647	18	0	1	24
150	2	2	1	2	48	0.33	17.6644808	53.5287296969697	0.368010016666667	0.006875	18	1	1	24
151	2	2	2	2	49	0.59	26.1741412	44.3629511864407	0.534166146938776	0.0120408163265306	18	2	1	24
152	2	2	0	2	55	0.41	20.8515712	50.8574907317073	0.379119476363636	0.00745454545454545	18	0	1	24
153	2	2	1	2	44	0.4	18.999962	47.499905	0.431817318181818	0.00909090909090909	18	1	1	24
154	2	2	2	2	60	0.81	33.0128372	40.7565891358025	0.550213953333333	0.0135	18	2	1	24
155	2	2	3	2	32	0.38	16.1741612	42.5635821052632	0.5054425375	0.011875	18	2	1	24
156	2	3	0	2	57	0.52	21.8967304	42.1090969230769	0.384153164912281	0.00912280701754386	18	0	1	24
157	2	3	1	2	49	0.62	24.580596	39.6461225806451	0.50164481632653	0.0126530612244898	18	1	1	24
158	2	3	2	2	59	0.85	32.999934	38.8234517647059	0.559320915254237	0.014406779661017	18	2	1	24
159	2	3	0	2	53	0.54	23.6064044	43.7155637037037	0.445403856603774	0.010188679245283	18	0	1	24
160	2	3	1	2	41	0.39	17.8128676	45.6740194871795	0.434460185365854	0.00951219512195122	18	1	1	24
161	2	3	2	2	43	0.57	21.6838276	38.0418028070176	0.504275060465116	0.0132558139534884	18	2	1	24
162	2	3	3	2	35	0.34	14.3999712	42.3528564705882	0.411427748571429	0.00971428571428572	18	2	1	24
163	2	4	0	2	55	0.55	24.1418872	43.8943403636363	0.438943403636363	0.01	18	0	1	24
164	2	4	1	2	50	0.66	25.9870448	39.3743103030303	0.519740896	0.0132	18	1	1	24
165	2	4	2	2	44	0.8	31.3289696	39.161212	0.712022036363636	0.0181818181818182	18	2	1	24
166	2	4	0	2	64	0.68	27.9160732	41.0530488235294	0.43618864375	0.010625	18	0	1	24
167	2	4	1	2	56	0.6	25.5612392	42.6020653333333	0.4564507	0.0107142857142857	18	1	1	24
168	2	4	2	2	47	0.68	26.4322052	38.87089	0.562387344680851	0.014468085106383	18	2	1	24
172	2	5	0	2	60	0.67	26.5225276	39.5858620895522	0.442042126666667	0.0111666666666667	18	0	1	24
173	2	5	1	2	52	0.61	25.16124	41.2479344262295	0.48387	0.0117307692307692	18	1	1	24
174	2	5	2	2	41	0.6	22.6967288	37.8278813333333	0.553578751219512	0.0146341463414634	18	2	1	24
169	2	5	0	2	46	0.65	30.1160688	46.3324135384615	0.654697147826087	0.0141304347826087	18	0	1	24
170	2	5	1	2	46	0.68	30.0128432	44.1365341176471	0.652453113043478	0.0147826086956522	18	1	1	24
171	2	5	2	2	44	0.73	28.1225244	38.5240060273973	0.639148281818182	0.0165909090909091	18	2	1	24
175	3	1	0	2	64	0.58	27.3354292	47.1300503448276	0.42711608125	0.0090625	18	0	1	24
176	3	1	1	2	55	0.41	19.6193156	47.8519892682927	0.356714829090909	0.00745454545454545	18	1	1	24
177	3	1	2	2	51	0.45	19.8902828	44.2006284444445	0.390005545098039	0.00882352941176471	18	2	1	24
178	3	1	3	2	59	0.44	19.8773796	45.1758627272727	0.336904738983051	0.00745762711864407	18	2	1	24
179	3	1	0	2	55	0.52	22.3806004	43.0396161538461	0.406920007272727	0.00945454545454546	18	0	1	24
180	3	1	1	2	47	0.42	17.838674	42.4730333333333	0.379546255319149	0.00893617021276596	18	1	1	24
181	3	1	2	2	64	0.64	27.6838156	43.255961875	0.43255961875	0.01	18	2	1	24
182	3	1	3	2	42	0.38	16.2709352	42.8182505263158	0.387403219047619	0.00904761904761905	18	2	1	24
183	3	2	0	2	51	0.43	19.161252	44.5610511627907	0.375710823529412	0.00843137254901961	18	0	1	24
184	3	2	1	2	60	0.47	20.7935068	44.2415038297872	0.346558446666667	0.00783333333333333	18	1	1	24
185	3	2	2	2	46	0.38	16.2322256	42.7163831578948	0.352874469565218	0.00826086956521739	18	2	1	24
186	3	2	3	2	52	0.38	16.3354512	42.9880294736842	0.314143292307692	0.00730769230769231	18	2	1	24
187	3	2	0	2	60	0.43	20.258024	47.1116837209302	0.337633733333333	0.00716666666666667	18	0	1	24
188	3	2	1	2	46	0.42	18.0386736	42.9492228571429	0.39214507826087	0.0091304347826087	18	1	1	24
189	3	2	2	2	61	0.63	25.5096264	40.4914704761905	0.418190596721311	0.010327868852459	18	2	1	24
190	3	2	3	2	51	0.5	20.3741528	40.7483056	0.399493192156863	0.00980392156862745	18	2	1	24
191	3	3	0	2	52	0.44	19.4128644	44.1201463636364	0.373324315384615	0.00846153846153846	18	0	1	24
192	3	3	1	2	50	0.45	18.0128672	40.0285937777778	0.360257344	0.009	18	1	1	24
193	3	3	2	2	50	0.52	21.354796	41.0669153846154	0.42709592	0.0104	18	2	1	24
194	3	3	3	2	63	0.43	20.0386696	46.6015572093023	0.31807412063492	0.00682539682539683	18	2	1	24
195	3	3	0	2	49	0.46	18.9612524	41.2201139130435	0.386964334693878	0.00938775510204082	18	0	1	24
196	3	3	1	2	56	0.65	25.7870452	39.6723772307692	0.46048295	0.0116071428571429	18	1	1	24
197	3	3	2	2	45	0.48	18.8193172	39.2069108333333	0.418207048888889	0.0106666666666667	18	2	1	24
198	3	3	3	2	49	0.43	18.0709316	42.0254223255814	0.36879452244898	0.00877551020408163	18	2	1	24
199	3	4	0	2	58	0.62	25.741884	41.5191677419355	0.443825586206897	0.0106896551724138	18	0	1	24
200	3	4	1	2	48	0.57	23.5935012	41.3921073684211	0.491531275	0.011875	18	1	1	24
201	3	4	2	2	52	0.74	28.3354272	38.2911178378378	0.544912061538462	0.0142307692307692	18	2	1	24
202	3	4	0	2	51	0.54	20.8257648	38.5662311111111	0.408348329411765	0.0105882352941176	18	0	1	24
203	3	4	1	2	46	0.49	19.4386708	39.6707567346939	0.4225798	0.0106521739130435	18	1	1	24
204	3	4	2	2	47	0.54	21.0902804	39.0560748148148	0.448729370212766	0.0114893617021277	18	2	1	24
205	3	4	3	2	48	0.53	21.354796	40.2920679245283	0.444891583333333	0.0110416666666667	18	2	1	24
210	3	5	0	2	61	0.71	28.161234	39.6637098591549	0.461659573770492	0.0116393442622951	18	0	1	24
211	3	5	1	2	52	0.74	26.5418824	35.8674086486486	0.510420815384615	0.0142307692307692	18	1	1	24
212	3	5	2	2	48	0.73	27.193494	37.2513616438356	0.566531125	0.0152083333333333	18	2	1	24
213	3	5	3	2	41	0.95	32.4063868	34.1119861052632	0.790399678048781	0.0231707317073171	18	2	1	24
206	3	5	0	2	52	0.8	28.9612324	36.2015405	0.556946776923077	0.0153846153846154	18	0	1	24
207	3	5	1	2	47	0.75	27.9225248	37.2300330666667	0.594096272340426	0.0159574468085106	18	1	1	24
208	3	5	2	2	46	0.83	27.6709124	33.3384486746988	0.601541573913044	0.0180434782608696	18	2	1	24
209	3	5	3	2	10	0.22	6.6064384	30.0292654545455	0.66064384	0.022	18	2	1	24
214	4	1	0	2	65	0.47	20.2644756	43.1159055319149	0.311761163076923	0.00723076923076923	18	0	1	24
215	4	1	1	2	54	0.52	21.1999576	40.7691492307692	0.392591807407407	0.00962962962962963	18	1	1	24
216	4	1	2	2	56	0.51	21.1354416	41.4420423529412	0.3774186	0.00910714285714286	18	2	1	24
217	4	1	0	2	57	0.45	20.6967328	45.9927395555556	0.363100575438597	0.00789473684210526	18	0	1	24
218	4	1	1	2	64	0.43	19.451574	45.2362186046512	0.30393084375	0.00671875	18	1	1	24
219	4	1	2	2	56	0.38	17.6838356	46.5364094736842	0.315782778571429	0.00678571428571429	18	2	1	24
220	4	2	0	2	58	0.54	23.7935008	44.0620385185185	0.410232772413793	0.00931034482758621	18	0	1	24
221	4	2	1	2	47	0.56	22.2773748	39.7810264285714	0.47398669787234	0.0119148936170213	18	1	1	24
222	4	2	2	2	59	0.53	22.4967292	42.4466588679245	0.381300494915254	0.00898305084745763	18	2	1	24
223	4	2	0	2	64	0.76	30.9741316	40.7554363157895	0.48397080625	0.011875	18	0	1	24
224	4	2	1	2	53	0.48	19.5612512	40.7526066666667	0.369080211320755	0.00905660377358491	18	1	1	24
225	4	2	2	2	54	0.47	22.1160848	47.0554995744681	0.409557125925926	0.0087037037037037	18	2	1	24
226	4	3	0	2	52	0.69	26.8773656	38.9527037681159	0.516872415384615	0.0132692307692308	18	0	1	24
227	4	3	1	2	53	0.79	31.4128404	39.7630891139241	0.592695101886793	0.0149056603773585	18	1	1	24
228	4	3	2	2	57	0.59	23.8451136	40.415446779661	0.41833532631579	0.0103508771929825	18	2	1	24
229	4	3	3	2	59	0.74	28.0838148	37.9511010810811	0.475996861016949	0.0125423728813559	18	2	1	24
230	4	3	0	2	46	0.61	24.4257576	40.0422255737705	0.530994730434783	0.0132608695652174	18	0	1	24
231	4	3	1	2	54	0.82	29.8257468	36.3728619512195	0.552328644444445	0.0151851851851852	18	1	1	24
232	4	3	2	2	51	0.49	21.6257632	44.1342106122449	0.42403457254902	0.0096078431372549	18	2	1	24
233	4	4	0	2	57	0.96	35.0838008	36.5456258333333	0.615505277192982	0.0168421052631579	18	0	1	24
234	4	4	1	2	48	0.92	31.3999372	34.1303665217391	0.654165358333333	0.0191666666666667	18	1	1	24
235	4	4	2	2	60	0.8	28.2644596	35.3305745	0.471074326666667	0.0133333333333333	18	2	1	24
236	4	4	3	2	61	0.66	25.2451108	38.2501678787879	0.413854275409836	0.0108196721311475	18	2	1	24
237	4	4	0	2	63	1.05	38.8257288	36.9768845714285	0.616281409523809	0.0166666666666667	18	0	1	24
238	4	4	1	2	59	1.09	36.6321848	33.6075089908257	0.620884488135593	0.0184745762711864	18	1	1	24
239	4	4	2	2	66	1.16	39.3354052	33.9098320689655	0.595990987878788	0.0175757575757576	18	2	1	24
240	4	4	3	2	58	0.67	26.61285	39.720671641791	0.45884224137931	0.011551724137931	18	2	1	24
244	4	5	0	2	59	1.24	39.8773396	32.1591448387097	0.675887111864407	0.0210169491525424	18	0	1	24
245	4	5	1	2	55	1.48	44.870878	30.3181608108108	0.815834145454545	0.0269090909090909	18	1	1	24
241	4	5	0	2	51	0.77	28.1547824	36.5646524675325	0.552054556862745	0.0150980392156863	18	0	1	24
242	4	5	1	2	51	0.8	28.9096196	36.1370245	0.56685528627451	0.0156862745098039	18	1	1	24
243	4	5	2	2	24	0.42	15.0064216	35.7295752380952	0.625267566666666	0.0175	18	2	1	24
246	5	1	0	2	58	0.72	29.6838116	41.2275161111111	0.511789855172414	0.0124137931034483	18	0	1	24
247	5	1	1	2	55	0.53	24.064468	45.4046566037736	0.437535781818182	0.00963636363636364	18	1	1	24
248	5	1	2	2	46	0.51	20.3612496	39.9240188235294	0.442635860869565	0.0110869565217391	18	2	1	24
249	5	1	0	2	54	0.81	31.0580024	38.3432128395062	0.575148192592593	0.015	18	0	1	24
250	5	1	1	2	48	0.74	27.6063964	37.3059410810811	0.575133258333333	0.0154166666666667	18	1	1	24
251	5	1	2	2	36	0.83	25.6064004	30.8510848192771	0.7112889	0.0230555555555556	18	2	1	24
252	5	1	3	2	52	0.72	26.6322048	36.9891733333333	0.512157784615385	0.0138461538461538	18	2	1	24
253	5	2	0	2	51	0.76	29.387038	38.6671552631579	0.576216431372549	0.0149019607843137	18	0	1	24
254	5	2	1	2	56	0.63	25.1999496	39.99992	0.4499991	0.01125	18	1	1	24
255	5	2	2	2	58	0.71	26.4644632	37.2738918309859	0.456283848275862	0.0122413793103448	18	2	1	24
256	5	2	3	2	48	0.76	28.1483308	37.037277368421	0.586423558333333	0.0158333333333333	18	2	1	24
257	5	2	0	2	52	0.69	27.5547836	39.9344689855072	0.529899684615385	0.0132692307692308	18	0	1	24
258	5	2	1	2	48	0.58	23.38705	40.3225	0.487230208333333	0.0120833333333333	18	1	1	24
259	5	2	2	2	51	0.59	21.4322152	36.3257884745763	0.42023951372549	0.0115686274509804	18	2	1	24
260	5	2	3	2	69	1.33	45.999908	34.5863969924812	0.666665333333333	0.0192753623188406	18	2	1	24
261	5	3	0	2	58	0.88	33.8644484	38.4823277272727	0.5838698	0.0151724137931034	18	0	1	24
262	5	3	1	2	53	0.95	33.6644488	35.4362618947369	0.635178279245283	0.0179245283018868	18	1	1	24
263	5	3	2	2	55	0.76	26.3289796	34.6433942105263	0.47870872	0.0138181818181818	18	2	1	24
264	5	3	3	2	37	0.89	27.4386548	30.8299492134831	0.741585264864865	0.0240540540540541	18	2	1	24
265	5	3	0	2	48	1.19	38.4257296	32.2905290756302	0.800536033333333	0.0247916666666667	18	0	1	24
266	5	3	1	2	49	0.88	29.612844	33.6509590909091	0.604343755102041	0.0179591836734694	18	1	1	24
267	5	3	2	2	47	0.82	26.7547852	32.6277868292683	0.56925074893617	0.0174468085106383	18	2	1	24
268	5	3	3	2	45	0.97	29.290264	30.1961484536082	0.650894755555556	0.0215555555555556	18	2	1	24
269	5	4	0	2	48	1.13	37.2773448	32.9888007079646	0.77661135	0.0235416666666667	18	0	1	24
270	5	4	1	2	44	1.27	37.612828	29.6164	0.854837	0.0288636363636364	18	1	1	24
271	5	4	2	2	43	1.48	43.032172	29.0757918918919	1.00074818604651	0.0344186046511628	18	2	1	24
272	5	4	3	2	43	1.31	37.7160536	28.790880610687	0.877117525581395	0.0304651162790698	18	2	1	24
273	5	4	0	2	46	1.1	35.7676704	32.516064	0.777558052173913	0.0239130434782609	18	0	1	24
274	5	4	1	2	43	0.97	33.9612224	35.0115694845361	0.789795869767442	0.0225581395348837	18	1	1	24
275	5	4	2	2	45	1	31.8644524	31.8644524	0.708098942222222	0.0222222222222222	18	2	1	24
276	5	4	3	2	38	1.14	32.4321932	28.4492922807018	0.853478768421053	0.03	18	2	1	24
280	5	5	0	2	48	1.31	39.4708888	30.1304494656488	0.822310183333333	0.0272916666666667	18	0	1	24
281	5	5	1	2	43	1.28	37.41928	29.2338125	0.870215813953489	0.0297674418604651	18	1	1	24
282	5	5	2	2	40	1.25	38.0257304	30.42058432	0.95064326	0.03125	18	2	1	24
277	5	5	0	2	46	0.98	33.2128368	33.8906497959184	0.722018191304348	0.021304347826087	18	0	1	24
278	5	5	1	2	38	1.23	34.8257368	28.3136071544716	0.916466757894737	0.0323684210526316	18	1	1	24
279	5	5	2	2	35	1.15	32.8644504	28.5777829565217	0.938984297142857	0.0328571428571429	18	2	1	24
283	6	1	0	2	54	0.54	26.8580108	49.7370570370371	0.49737057037037	0.01	18	0	1	24
284	6	1	1	2	52	0.48	22.5870516	47.0563575	0.434366376923077	0.00923076923076923	18	1	1	24
285	6	1	2	2	69	0.85	37.5031508	44.1213538823529	0.543523924637681	0.0123188405797101	18	2	1	24
286	6	1	3	2	70	0.58	26.1870444	45.1500765517241	0.374100634285714	0.00828571428571429	18	2	1	24
287	6	1	0	2	51	0.4	19.99996	49.9999	0.392156078431373	0.00784313725490196	18	0	1	24
288	6	1	1	2	47	0.38	19.6838316	51.7995568421052	0.418804927659574	0.00808510638297872	18	1	1	24
289	6	1	2	2	40	0.39	17.6193196	45.1777425641026	0.44048299	0.00975	18	2	1	24
290	6	1	3	2	47	0.38	17.3741588	45.7214705263158	0.369662953191489	0.00808510638297872	18	2	1	24
291	6	2	0	2	48	0.42	20.7612488	49.4315447619048	0.432526016666667	0.00875	18	0	1	24
292	6	2	1	2	64	0.54	27.5225256	50.96764	0.4300394625	0.0084375	18	1	1	24
293	6	2	2	2	41	0.45	19.9612504	44.3583342222222	0.486859765853659	0.0109756097560976	18	2	1	24
294	6	2	0	2	61	0.33	17.2193204	52.1797587878788	0.282283940983606	0.00540983606557377	18	0	1	24
295	6	2	1	2	45	0.4	18.7935108	46.983777	0.417633573333333	0.00888888888888889	18	1	1	24
296	6	2	2	2	55	0.41	20.3999592	49.7559980487805	0.370908349090909	0.00745454545454545	18	2	1	24
297	6	3	0	2	64	0.79	35.2838004	44.6630384810127	0.55130938125	0.01234375	18	0	1	24
298	6	3	1	2	58	0.53	23.2644696	43.8952256603774	0.401111544827586	0.00913793103448276	18	1	1	24
299	6	3	2	2	37	0.45	19.0128652	42.2508115555556	0.513861221621622	0.0121621621621622	18	2	1	24
300	6	3	3	2	53	0.64	26.3741408	41.209595	0.497625298113207	0.0120754716981132	18	2	1	24
301	6	3	0	2	64	0.51	25.4322072	49.8670729411765	0.3973782375	0.00796875	18	0	1	24
302	6	3	1	2	43	0.58	24.9096276	42.9476337931034	0.579293665116279	0.0134883720930233	18	1	1	24
303	6	3	2	2	49	0.9	32.7547732	36.3941924444445	0.668464759183674	0.0183673469387755	18	2	1	24
304	6	3	3	2	51	0.52	22.4709228	43.2133130769231	0.440606329411765	0.0101960784313725	18	2	1	24
305	6	4	0	2	69	0.69	31.225744	45.2547014492754	0.452547014492754	0.01	18	0	1	24
306	6	4	1	2	57	0.76	34.6579952	45.6026252631579	0.608035003508772	0.0133333333333333	18	1	1	24
307	6	4	2	2	42	1.01	37.1225064	36.7549568316832	0.8838692	0.024047619047619	18	2	1	24
308	6	4	0	2	70	0.62	29.2709092	47.2111438709677	0.418155845714286	0.00885714285714286	18	0	1	24
309	6	4	1	2	56	0.74	30.9096156	41.7697508108108	0.551957421428572	0.0132142857142857	18	1	1	24
310	6	4	2	2	47	1.13	40.516048	35.8549097345133	0.862043574468085	0.0240425531914894	18	2	1	24
313	6	5	0	2	64	1.06	41.5224976	39.1721675471698	0.648789025	0.0165625	18	0	1	24
314	6	5	1	2	54	1.26	43.5741064	34.5826241269841	0.806927896296296	0.0233333333333333	18	1	1	24
311	6	5	0	2	50	1.26	46.1999076	36.6665933333333	0.923998152	0.0252	18	0	1	24
312	6	5	1	2	51	1.43	48.032162	33.5889244755245	0.941807098039216	0.0280392156862745	18	1	1	24
315	7	1	0	3	71	0.408	19.5547996	47.9284303921569	0.275419712676056	0.00574647887323944	18	0	white	24
316	7	1	1	3	55	0.414	17.9806092	43.4314231884058	0.326920167272727	0.00752727272727273	18	1	white	24
317	7	1	2	3	45	0.411	17.0773852	41.5508155717762	0.379497448888889	0.00913333333333333	18	2	white	24
318	7	1	3	3	75	0.488	21.8257628	44.7249237704918	0.291010170666667	0.00650666666666667	18	2	white	24
319	7	1	0	3	56	0.353	17.41932	49.3465155807366	0.311059285714286	0.00630357142857143	18	0	white	24
320	7	1	1	3	59	0.366	17.7806096	48.5809005464481	0.30136626440678	0.00620338983050847	18	1	white	24
321	7	1	2	3	52	0.459	18.903188	41.1834161220044	0.363522846153846	0.00882692307692308	18	2	white	24
322	7	1	3	3	43	0.304	14.1225524	46.4557644736842	0.328431451162791	0.00706976744186047	18	2	white	24
323	7	2	0	3	49	0.329	15.4386788	46.9260753799392	0.31507507755102	0.00671428571428571	18	0	white	24
324	7	2	1	3	55	0.383	18.0902864	47.2331237597911	0.328914298181818	0.00696363636363636	18	1	white	24
325	7	2	2	3	50	0.466	18.9483492	40.6616935622318	0.378966984	0.00932	18	2	white	24
326	7	2	3	3	46	0.391	16.161258	41.3331406649616	0.351331695652174	0.0085	18	2	white	24
327	7	2	0	3	56	0.365	17.387062	47.6357863013699	0.31048325	0.00651785714285714	18	0	white	24
328	7	2	1	3	46	0.316	14.6902932	46.4882696202532	0.3193542	0.0068695652173913	18	1	white	24
329	7	2	2	3	37	0.309	13.7935208	44.6392258899676	0.37279785945946	0.00835135135135135	18	2	white	24
330	7	2	3	3	39	0.276	12.1032016	43.8521797101449	0.310338502564103	0.00707692307692308	18	2	white	24
331	7	3	0	3	68	0.563	24.6580152	43.7975403197158	0.362617870588235	0.00827941176470588	18	0	white	24
332	7	3	1	3	53	0.456	19.6064124	42.9965184210526	0.369932309433962	0.00860377358490566	18	1	white	24
333	7	3	2	3	48	0.53	21.1031836	39.8173275471698	0.439649658333333	0.0110416666666667	18	2	white	24
334	7	3	3	3	38	0.351	13.7612628	39.2058769230769	0.362138494736842	0.00923684210526316	18	2	white	24
335	7	3	0	3	59	0.418	20.1999596	48.3252622009569	0.342372196610169	0.00708474576271186	18	0	white	24
336	7	3	1	3	48	0.378	17.0064176	44.9905227513227	0.354300366666667	0.007875	18	1	white	24
337	7	3	2	3	46	0.453	17.6257712	38.908987196468	0.383168939130435	0.00984782608695652	18	2	white	24
338	7	3	3	3	37	0.321	13.451586	41.9052523364486	0.363556378378378	0.00867567567567568	18	2	white	24
339	7	4	0	3	68	0.573	27.1096232	47.3117333333333	0.398670929411765	0.00842647058823529	18	0	white	24
340	7	4	1	3	55	0.53	22.4128584	42.2884120754717	0.407506516363636	0.00963636363636364	18	1	white	24
341	7	4	2	3	60	0.938	33.3289656	35.5319462686567	0.55548276	0.0156333333333333	18	2	white	24
342	7	4	3	3	53	0.571	21.1483448	37.0373814360771	0.399025373584906	0.0107735849056604	18	2	white	24
343	7	4	0	3	61	0.619	27.6644608	44.6921822294022	0.453515750819672	0.0101475409836066	18	0	white	24
344	7	4	1	3	50	0.564	25.032208	44.3833475177305	0.50064416	0.01128	18	1	white	24
345	7	4	2	3	54	0.753	28.9934904	38.503971314741	0.536916488888889	0.0139444444444444	18	2	white	24
349	7	5	0	3	46	0.717	28.741878	40.0863012552301	0.624823434782609	0.0155869565217391	18	0	white	24
350	7	5	1	3	47	0.592	23.741888	40.1045405405405	0.505146553191489	0.0125957446808511	18	1	white	24
351	7	5	2	3	46	0.954	31.8257428	33.3603174004193	0.691863973913043	0.0207391304347826	18	2	white	24
346	7	5	0	3	61	0.74	29.7547792	40.2091610810811	0.487783265573771	0.0121311475409836	18	0	white	24
347	7	5	1	3	56	0.571	21.9935044	38.5175208406305	0.39274115	0.0101964285714286	18	1	white	24
348	7	5	2	3	53	1.045	34.4321892	32.9494633492823	0.649663947169811	0.0197169811320755	18	2	white	24
352	8	1	0	3	52	0.575	24.7160796	42.9844862608696	0.475309223076923	0.0110576923076923	18	0	white	24
353	8	1	1	3	53	0.507	21.12899	41.6745364891519	0.398660188679245	0.00956603773584906	18	1	white	24
354	8	1	2	3	44	0.5	20.9806032	41.9612064	0.476831890909091	0.0113636363636364	18	2	white	24
355	8	1	3	3	50	0.388	18.2451248	47.0235175257732	0.364902496	0.00776	18	2	white	24
356	8	1	0	3	56	0.502	24.967692	49.7364382470119	0.445851642857143	0.00896428571428571	18	0	white	24
357	8	1	1	3	68	0.531	24.8580148	46.8135871939736	0.36555904117647	0.00780882352941176	18	1	white	24
358	8	1	2	3	49	0.436	19.2838324	44.2289733944954	0.3935476	0.00889795918367347	18	2	white	24
359	8	2	0	3	57	0.471	22.1999556	47.1336636942675	0.389472905263158	0.00826315789473684	18	0	white	24
360	8	2	1	3	73	0.608	26.741882	43.9833585526316	0.366327150684932	0.00832876712328767	18	1	white	24
361	8	2	2	3	68	0.644	26.806398	41.6248416149068	0.394211735294118	0.00947058823529412	18	2	white	24
362	8	2	3	3	25	0.174	8.2774028	47.5712804597701	0.331096112	0.00696	18	2	white	24
363	8	2	0	3	64	0.752	30.32252	40.3225	0.473789375	0.01175	18	0	white	24
364	8	2	1	3	50	0.474	19.1031876	40.3020835443038	0.382063752	0.00948	18	1	white	24
365	8	2	2	3	53	0.574	22.8644704	39.8335721254355	0.431405101886792	0.0108301886792453	18	2	white	24
366	8	3	0	3	49	0.641	25.4580136	39.7160898595944	0.519551297959184	0.0130816326530612	18	0	white	24
367	8	3	1	3	48	0.421	18.2322216	43.3069396674584	0.37983795	0.00877083333333333	18	1	white	24
368	8	3	2	3	58	0.714	26.7483336	37.4626521008403	0.461178165517242	0.0123103448275862	18	2	white	24
369	8	3	3	3	39	0.44	17.6580292	40.1318845454545	0.45276997948718	0.0112820512820513	18	2	white	24
370	8	3	0	3	60	0.697	30.6063904	43.9116074605452	0.510106506666667	0.0116166666666667	18	0	white	24
371	8	3	1	3	43	0.444	18.5031888	41.6738486486487	0.43030671627907	0.0103255813953488	18	1	white	24
372	8	3	2	3	50	0.646	24.5225316	37.9605752321981	0.490450632	0.01292	18	2	white	24
373	8	3	3	3	43	0.532	21.8515692	41.0743781954887	0.508176027906977	0.0123720930232558	18	2	white	24
374	8	4	0	3	52	0.939	33.70961	35.8994781682641	0.648261730769231	0.0180576923076923	18	0	white	24
375	8	4	1	3	58	0.834	31.2128408	37.4254685851319	0.538152427586207	0.0143793103448276	18	1	white	24
376	8	4	2	3	56	0.799	31.6515496	39.6139544430538	0.565206242857143	0.0142678571428571	18	2	white	24
377	8	4	0	3	47	0.726	28.2515564	38.9139895316804	0.601096944680851	0.0154468085106383	18	0	white	24
378	8	4	1	3	59	0.803	29.6515536	36.9259696139477	0.502568705084746	0.0136101694915254	18	1	white	24
379	8	4	2	3	54	0.691	26.1741412	37.8786413892909	0.484706318518519	0.0127962962962963	18	2	white	24
380	8	4	3	3	35	0.348	14.0902944	40.4893517241379	0.40257984	0.00994285714285714	18	2	white	24
385	8	5	0	3	61	0.895	38.3289556	42.8256487150838	0.62834353442623	0.014672131147541	18	0	white	24
386	8	5	1	3	50	0.616	24.6386604	39.9978253246753	0.492773208	0.01232	18	1	white	24
387	8	5	2	3	43	0.693	26.1999476	37.8065621933622	0.609301106976744	0.0161162790697674	18	2	white	24
381	8	5	0	3	51	0.965	35.5676708	36.8576899481865	0.697405309803922	0.018921568627451	18	0	white	24
382	8	5	1	3	70	1.054	41.516046	39.3890379506641	0.593086371428571	0.0150571428571429	18	1	white	24
383	8	5	2	3	50	1.02	35.4967032	34.8006894117647	0.709934064	0.0204	18	2	white	24
384	8	5	3	3	29	0.504	17.09674	33.9221031746032	0.58954275862069	0.0173793103448276	18	2	white	24
388	9	1	0	3	57	0.429	21.161248	49.3269184149184	0.371249964912281	0.00752631578947368	18	0	white	24
389	9	1	1	3	47	0.364	16.8580308	46.3132714285714	0.358681506382979	0.00774468085106383	18	1	white	24
390	9	1	2	3	50	0.422	18.9612524	44.9318777251185	0.379225048	0.00844	18	2	white	24
391	9	1	3	3	16	0.176	6.6838576	37.9764636363636	0.4177411	0.011	18	2	white	24
392	9	1	0	3	63	0.49	24.0773712	49.137492244898	0.382180495238095	0.00777777777777778	18	0	white	24
393	9	1	1	3	48	0.391	18.4580276	47.207231713555	0.384542241666667	0.00814583333333333	18	1	white	24
394	9	1	2	3	62	0.617	26.6063984	43.1222016207456	0.429135458064516	0.00995161290322581	18	2	white	24
395	9	2	0	3	60	0.558	24.935434	44.6871577060932	0.415590566666667	0.0093	18	0	white	24
396	9	2	1	3	57	0.487	22.0193108	45.2141905544148	0.386303698245614	0.00854385964912281	18	1	white	24
397	9	2	2	3	48	0.513	22.41931	43.7023586744639	0.467068958333333	0.0106875	18	2	white	24
398	9	2	0	3	45	0.365	18.4773824	50.622965479452	0.410608497777778	0.00811111111111111	18	0	white	24
399	9	2	1	3	45	0.372	18.774156	50.4681612903226	0.417203466666667	0.00826666666666667	18	1	white	24
400	9	2	2	3	48	0.498	21.0386676	42.2463204819277	0.438305575	0.010375	18	2	white	24
401	9	3	0	3	53	0.489	21.7935048	44.5674944785276	0.411198203773585	0.00922641509433962	18	0	white	24
402	9	3	1	3	54	0.428	20.7354424	48.4472953271028	0.383989674074074	0.00792592592592593	18	1	white	24
403	9	3	2	3	47	0.437	21.1999576	48.5124887871854	0.451062927659575	0.00929787234042553	18	2	white	24
404	9	3	3	3	28	0.252	10.064496	39.9384761904762	0.359446285714286	0.009	18	2	white	24
405	9	3	0	3	49	0.465	21.322538	45.8549204301075	0.435153836734694	0.00948979591836735	18	0	white	24
406	9	3	1	3	45	0.415	18.9548008	45.6742187951807	0.421217795555556	0.00922222222222222	18	1	white	24
407	9	3	2	3	54	0.58	24.3160804	41.9242765517241	0.450297785185185	0.0107407407407407	18	2	white	24
408	9	3	3	3	26	0.271	11.2451388	41.4949771217712	0.432505338461538	0.0104230769230769	18	2	white	24
409	9	4	0	3	45	0.468	20.1354436	43.0244521367521	0.447454302222222	0.0104	18	0	white	24
410	9	4	1	3	56	0.459	22.7160836	49.4903782135076	0.40564435	0.00819642857142857	18	1	white	24
411	9	4	2	3	41	0.436	18.8902848	43.3263412844037	0.460738653658537	0.0106341463414634	18	2	white	24
412	9	4	3	3	8	0.081	3.354832	41.4176790123457	0.419354	0.010125	18	2	white	24
413	9	4	0	3	55	0.612	27.2644616	44.5497738562092	0.495717483636364	0.0111272727272727	18	0	white	24
414	9	4	1	3	48	0.506	21.4386668	42.3689067193676	0.446638891666667	0.0105416666666667	18	1	white	24
415	9	4	2	3	46	0.527	21.7806016	41.329414800759	0.473491339130435	0.0114565217391304	18	2	white	24
419	9	5	0	3	48	0.628	28.2192984	44.9351885350318	0.58790205	0.0130833333333333	18	0	white	24
420	9	5	1	3	59	0.647	29.8580048	46.1483845440495	0.506067877966102	0.0109661016949153	18	1	white	24
421	9	5	2	3	54	0.713	30.4321972	42.6819035063113	0.563559207407407	0.0132037037037037	18	2	white	24
416	9	5	0	3	43	0.712	27.3160744	38.3652730337079	0.635257544186047	0.0165581395348837	18	0	white	24
417	9	5	1	3	54	0.77	33.4257396	43.4100514285714	0.618995177777778	0.0142592592592593	18	1	white	24
418	9	5	2	3	46	0.888	32.7160636	36.842413963964	0.711218773913044	0.019304347826087	18	2	white	24
29	10	1	0	3	55	0.394	20.3483464	51.6455492385787	0.369969934545455	0.00716363636363636	18	0	white	24
30	10	1	1	3	63	0.412	22.8322124	55.4179912621359	0.36241606984127	0.00653968253968254	18	1	white	24
31	10	1	2	3	50	0.445	20.2773788	45.5671433707865	0.405547576	0.0089	18	2	white	24
32	10	1	3	3	45	0.364	15.709646	43.1583681318681	0.349103244444444	0.00808888888888889	18	2	white	24
33	10	1	0	3	49	0.413	20.2451208	49.0196629539952	0.413165730612245	0.00842857142857143	18	0	white	24
34	10	1	1	3	42	0.39	19.2193164	49.2802984615385	0.457602771428571	0.00928571428571429	18	1	white	24
35	10	1	2	3	51	0.506	22.2451168	43.9626814229249	0.436178760784314	0.00992156862745098	18	2	white	24
36	10	1	3	3	46	0.415	19.1483488	46.1405995180723	0.416268452173913	0.00902173913043478	18	2	white	24
37	10	2	0	3	54	0.331	17.1031916	51.6712737160121	0.31672577037037	0.00612962962962963	18	0	white	24
38	10	2	1	3	59	0.427	22.3160844	52.2624927400468	0.378238718644068	0.00723728813559322	18	1	white	24
39	10	2	2	3	41	0.379	17.774158	46.8975145118733	0.433516048780488	0.00924390243902439	18	2	white	24
40	10	2	3	3	58	0.429	20.6386684	48.1087841491842	0.355839110344828	0.00739655172413793	18	2	white	24
41	10	2	0	3	44	0.39	18.8902848	48.4366276923077	0.429324654545455	0.00886363636363636	18	0	white	24
42	10	2	1	3	50	0.365	18.935446	51.8779342465754	0.37870892	0.0073	18	1	white	24
43	10	2	2	3	41	0.365	16.9741596	46.5045468493151	0.414003892682927	0.00890243902439024	18	2	white	24
44	10	2	3	3	58	0.413	19.9418956	48.2854615012107	0.343825786206897	0.00712068965517241	18	2	white	24
45	10	3	0	3	50	0.487	22.548342	46.3004969199179	0.45096684	0.00974	18	0	white	24
46	10	3	1	3	49	0.461	22.354794	48.4919609544468	0.456220285714286	0.00940816326530612	18	1	white	24
47	10	3	2	3	37	0.401	17.4709328	43.5684109725686	0.472187372972973	0.0108378378378378	18	2	white	24
48	10	3	3	3	42	0.351	15.7935168	44.9957743589744	0.376036114285714	0.00835714285714286	18	2	white	24
49	10	3	0	3	60	0.519	24.741886	47.6722273603083	0.412364766666667	0.00865	18	0	white	24
50	10	3	1	3	62	0.539	25.2644656	46.8728489795918	0.407491380645161	0.00869354838709678	18	1	white	24
51	10	3	2	3	50	0.52	21.9935044	42.2952007692308	0.439870088	0.0104	18	2	white	24
52	10	3	3	3	47	0.438	18.7354464	42.7749917808219	0.398626519148936	0.00931914893617021	18	2	white	24
53	10	4	0	3	46	0.665	25.9612384	39.0394562406015	0.564374747826087	0.0144565217391304	18	0	white	24
54	10	4	1	3	57	0.686	29.8128436	43.4589556851312	0.523032343859649	0.0120350877192982	18	1	white	24
55	10	4	2	3	53	0.53	21.9483432	41.4119683018868	0.414119683018868	0.01	18	2	white	24
56	10	4	3	3	50	0.502	20.8838292	41.6012533864542	0.417676584	0.01004	18	2	white	24
57	10	4	0	3	59	0.64	27.3805904	42.7821725	0.46407780338983	0.0108474576271186	18	0	white	24
58	10	4	1	3	75	0.834	37.4128284	44.8595064748201	0.498837712	0.01112	18	1	white	24
59	10	4	2	3	48	0.552	22.9225348	41.5263311594203	0.477552808333333	0.0115	18	2	white	24
60	10	4	3	3	63	0.574	24.67737	42.9919337979094	0.391704285714286	0.00911111111111111	18	2	white	24
64	10	5	0	3	78	0.825	37.2321836	45.1299195151515	0.477335687179487	0.0105769230769231	18	0	white	24
65	10	5	1	3	47	0.479	22.032214	45.9962713987474	0.468770510638298	0.0101914893617021	18	1	white	24
66	10	5	2	3	56	0.732	29.9934884	40.9747109289618	0.535598007142857	0.0130714285714286	18	2	white	24
61	10	5	0	3	62	0.578	25.9612384	44.9156373702422	0.418729651612903	0.00932258064516129	18	0	white	24
62	10	5	1	3	53	0.668	26.8322044	40.1679706586826	0.50626800754717	0.0126037735849057	18	1	white	24
63	10	5	2	3	57	0.582	25.7805936	44.2965525773196	0.452291115789474	0.0102105263157895	18	2	white	24
67	11	1	0	3	51	0.257	14.2644876	55.5038428015564	0.279695835294118	0.00503921568627451	18	0	white	24
68	11	1	1	3	47	0.325	18.0128672	55.4242067692308	0.383252493617021	0.00691489361702128	18	1	white	24
69	11	1	2	3	53	0.298	15.064486	50.551966442953	0.28423558490566	0.00562264150943396	18	2	white	24
70	11	1	3	3	44	0.286	13.54836	47.3718881118881	0.307917272727273	0.0065	18	2	white	24
71	11	1	0	3	54	0.255	14.1483588	55.48376	0.262006644444445	0.00472222222222222	18	0	white	24
72	11	1	1	3	56	0.261	14.7677124	56.5812735632184	0.26370915	0.00466071428571429	18	1	white	24
73	11	1	2	3	65	0.363	18.2515764	50.2798247933884	0.280793483076923	0.00558461538461538	18	2	white	24
74	11	1	3	3	53	0.284	13.9548108	49.1366577464789	0.263298316981132	0.00535849056603774	18	2	white	24
75	11	2	0	3	73	0.368	20.354798	55.3119510869565	0.278832849315068	0.00504109589041096	18	0	white	24
76	11	2	1	3	54	0.293	15.2128728	51.9210675767918	0.281719866666667	0.00542592592592593	18	1	white	24
77	11	2	2	3	59	0.343	17.1870624	50.1080536443149	0.291306142372881	0.0058135593220339	18	2	white	24
78	11	2	3	3	65	0.328	16.5741604	50.5309768292683	0.254987083076923	0.00504615384615385	18	2	white	24
79	11	2	0	3	55	0.281	14.9225508	53.1051629893238	0.271319105454545	0.00510909090909091	18	0	white	24
80	11	2	1	3	57	0.305	16.2709352	53.3473285245901	0.285455003508772	0.00535087719298246	18	1	white	24
81	11	2	2	3	54	0.305	15.1483568	49.6667436065574	0.280525125925926	0.00564814814814815	18	2	white	24
82	11	2	3	3	49	0.27	13.0128772	48.1958414814815	0.26556892244898	0.00551020408163265	18	2	white	24
83	11	3	0	3	55	0.325	16.6193216	51.1363741538461	0.302169483636364	0.00590909090909091	18	0	white	24
84	11	3	1	3	53	0.341	16.7677084	49.1721653958944	0.316371856603774	0.00643396226415094	18	1	white	24
85	11	3	2	3	48	0.411	17.2515784	41.9746433090024	0.359407883333333	0.0085625	18	2	white	24
86	11	3	3	3	54	0.408	18.4709308	45.2718892156863	0.342054274074074	0.00755555555555555	18	2	white	24
87	11	3	0	3	58	0.327	16.8902888	51.6522593272171	0.291211875862069	0.00563793103448276	18	0	white	24
88	11	3	1	3	39	0.244	11.7806216	48.2812360655738	0.302067220512821	0.00625641025641026	18	1	white	24
89	11	3	2	3	55	0.392	18.290286	46.6588928571429	0.332550654545455	0.00712727272727273	18	2	white	24
90	11	3	3	3	46	0.326	14.6064224	44.8049766871166	0.31753092173913	0.00708695652173913	18	2	white	24
91	11	4	0	3	47	0.307	15.2128728	49.5533315960912	0.323678144680851	0.00653191489361702	18	0	white	24
92	11	4	1	3	52	0.437	19.6838316	45.0430929061785	0.378535223076923	0.00840384615384615	18	1	white	24
93	11	4	2	3	40	0.323	14.290294	44.2423962848297	0.35725735	0.008075	18	2	white	24
94	11	4	3	3	51	0.397	17.2773848	43.5198609571788	0.338772250980392	0.0077843137254902	18	2	white	24
95	11	4	0	3	56	0.398	19.2967356	48.4842603015075	0.344584564285714	0.00710714285714286	18	0	white	24
96	11	4	1	3	54	0.439	20.6386684	47.0129120728929	0.382197562962963	0.00812962962962963	18	1	white	24
97	11	4	2	3	59	0.439	20.0515728	45.6755644646925	0.339857166101695	0.0074406779661017	18	2	white	24
98	11	4	3	3	43	0.339	14.5935192	43.0487292035398	0.33938416744186	0.00788372093023256	18	2	white	24
102	11	5	0	3	47	0.419	17.9935124	42.9439436754177	0.382840689361702	0.00891489361702128	18	0	white	24
103	11	5	1	3	50	0.514	21.5870536	41.9981587548638	0.431741072	0.01028	18	1	white	24
104	11	5	2	3	43	0.499	19.4451224	38.9681811623246	0.452212148837209	0.0116046511627907	18	2	white	24
99	11	5	0	3	59	0.473	21.419312	45.2839577167019	0.363039186440678	0.00801694915254237	18	0	white	24
100	11	5	1	3	43	0.345	14.8451316	43.0293669565217	0.345235618604651	0.00802325581395349	18	1	white	24
101	11	5	2	3	38	0.59	22.9289864	38.8626888135593	0.603394378947368	0.0155263157894737	18	2	white	24
105	12	1	0	3	138	0.661	38.7870192	58.6793028744327	0.281065356521739	0.00478985507246377	18	0	white	24
106	12	1	1	3	51	0.358	19.5418964	54.5863027932961	0.383174439215686	0.00701960784313725	18	1	white	24
107	12	1	2	3	48	0.386	18.7483496	48.5708538860104	0.390590616666667	0.00804166666666667	18	2	white	24
108	12	1	3	3	52	0.487	21.1806028	43.4919975359343	0.407319284615385	0.00936538461538462	18	2	white	24
109	12	1	0	3	53	0.315	16.9225468	53.7223707936508	0.319293335849057	0.00594339622641509	18	0	white	24
110	12	1	1	3	51	0.37	19.709638	53.2692918918919	0.386463490196078	0.00725490196078431	18	1	white	24
111	12	1	2	3	55	0.476	20.7225392	43.5347462184874	0.37677344	0.00865454545454545	18	2	white	24
112	12	1	3	3	50	0.554	22.9870508	41.4928714801444	0.459741016	0.01108	18	2	white	24
113	12	2	0	3	59	0.444	21.5031828	48.4305918918919	0.364460725423729	0.00752542372881356	18	0	white	24
114	12	2	1	3	43	0.425	19.9225408	46.8765665882353	0.463314902325581	0.00988372093023256	18	1	white	24
115	12	2	2	3	55	0.609	24.9741436	41.0084459770115	0.454075338181818	0.0110727272727273	18	2	white	24
116	12	2	3	3	55	0.472	21.1354416	44.7784779661017	0.384280756363636	0.00858181818181818	18	2	white	24
117	12	2	0	3	76	0.507	25.032208	49.373191321499	0.329371157894737	0.00667105263157895	18	0	white	24
118	12	2	1	3	62	0.568	27.161236	47.8190774647887	0.438084451612903	0.00916129032258064	18	1	white	24
119	12	2	2	3	74	0.725	32.774128	45.2056937931035	0.442893621621622	0.0097972972972973	18	2	white	24
120	12	2	3	3	42	0.35	15.8515812	45.290232	0.3774186	0.00833333333333333	18	2	white	24
121	12	3	0	3	41	0.418	18.580608	44.4512153110048	0.45318556097561	0.0101951219512195	18	0	white	24
122	12	3	1	3	53	0.656	28.7934908	43.8925164634146	0.543273411320755	0.012377358490566	18	1	white	24
123	12	3	2	3	50	0.638	25.193498	39.4882413793103	0.50386996	0.01276	18	2	white	24
124	12	3	3	3	47	0.484	19.774154	40.8556900826446	0.420726680851064	0.0102978723404255	18	2	white	24
125	12	3	0	3	68	0.527	25.1160788	47.6585935483871	0.3693541	0.00775	18	0	white	24
126	12	3	1	3	52	0.484	22.4257616	46.3342181818182	0.431264646153846	0.00930769230769231	18	1	white	24
127	12	3	2	3	54	0.609	25.6257552	42.0784157635468	0.474551022222222	0.0112777777777778	18	2	white	24
128	12	3	3	3	50	0.501	21.6709244	43.2553381237525	0.433418488	0.01002	18	2	white	24
129	12	4	0	3	65	0.699	29.7031664	42.493800286123	0.456971790769231	0.0107538461538462	18	0	white	24
130	12	4	1	3	70	1.021	40.612822	39.7774946131244	0.580183171428571	0.0145857142857143	18	1	white	24
131	12	4	2	3	55	0.997	37.2773448	37.3895133400201	0.677769905454546	0.0181272727272727	18	2	white	24
132	12	4	3	3	42	0.526	19.9225408	37.875552851711	0.47434620952381	0.0125238095238095	18	2	white	24
133	12	4	0	3	83	1.014	42.4579796	41.8717747534517	0.511541922891566	0.0122168674698795	18	0	white	24
134	12	4	1	3	57	0.691	27.677364	40.0540723589002	0.485567789473684	0.0121228070175439	18	1	white	24
135	12	4	2	3	83	1.018	39.4128244	38.715937524558	0.474853306024096	0.0122650602409639	18	2	white	24
136	12	4	3	3	69	0.743	29.0580064	39.1090261103634	0.421130527536232	0.010768115942029	18	2	white	24
140	12	5	0	3	71	0.916	38.54831	42.083307860262	0.542933943661972	0.0129014084507042	18	0	white	24
141	12	5	1	3	52	0.656	27.3676872	41.7190353658537	0.526301676923077	0.0126153846153846	18	1	white	24
142	12	5	2	3	43	1.107	38.580568	34.8514616079494	0.897222511627907	0.0257441860465116	18	2	white	24
137	12	5	0	3	36	0.476	19.8902828	41.7863084033613	0.552507855555556	0.0132222222222222	18	0	white	24
138	12	5	1	3	49	0.706	27.677364	39.2030651558074	0.564844163265306	0.0144081632653061	18	1	white	24
139	12	5	2	3	35	0.783	26.7999464	34.2272623243934	0.765712754285715	0.0223714285714286	18	2	white	24
1100	1	1	0	2	20	0.1235	6.462277	52.3261295546559	0.32311385	0.006175	11	0	1	21
2100	1	1	1	2	20	0.1393	6.284406	45.1141852117732	0.3142203	0.006965	11	1	1	21
3100	1	1	2	2	20	0.1101	4.79314	43.5344232515895	0.239657	0.005505	11	2	1	21
422	1	1	3	2	20	0.1207	5.064893	41.9626594863297	0.25324465	0.006035	11	2	1	21
510	1	1	3	2	20	0.0956	4.278151	44.7505334728033	0.21390755	0.00478	11	2	1	21
610	1	2	0	2	21	0.1908	9.134885	47.8767557651992	0.434994523809524	0.00908571428571429	11	0	1	21
710	1	2	1	2	20	0.2014	8.027074	39.8563753723933	0.4013537	0.01007	11	1	1	21
810	1	2	2	2	20	0.1429	6.188633	43.3074387683695	0.30943165	0.007145	11	2	1	21
910	1	2	3	2	20	0.1771	6.547593	36.9711631846414	0.32737965	0.008855	11	2	1	21
1010	1	2	3	2	20	0.161	5.968245	37.0698447204969	0.29841225	0.00805	11	2	1	21
1110	1	3	0	2	20	0.2458	9.783739	39.8036574450773	0.48918695	0.01229	11	0	1	21
1210	1	3	1	2	20	0.2942	9.935987	33.7728993881713	0.49679935	0.01471	11	1	1	21
1310	1	3	2	2	20	0.2225	7.621092	34.2520988764045	0.3810546	0.011125	11	2	1	21
1410	1	3	3	2	20	0.2259	7.229954	32.0051084550686	0.3614977	0.011295	11	2	1	21
1510	1	3	3	2	20	0.2164	7.545511	34.8683502772643	0.37727555	0.01082	11	2	1	21
1610	1	4	0	2	20	0.2772	10.179906	36.7240476190476	0.5089953	0.01386	11	0	1	21
1710	1	4	1	2	20	0.3491	10.867013	31.1286536808937	0.54335065	0.017455	11	1	1	21
1810	1	4	2	2	20	0.2835	9.112721	32.1436366843034	0.45563605	0.014175	11	2	1	21
1910	1	4	3	2	20	0.2792	8.586591	30.7542657593123	0.42932955	0.01396	11	2	1	21
2010	1	4	3	2	20	0.2721	8.374127	30.7759169423006	0.41870635	0.013605	11	2	1	21
2110	1	5	0	2	20	0.3601	11.890153	33.0190308247709	0.59450765	0.018005	11	0	1	21
2210	1	5	1	2	20	0.4441	12.212468	27.4993650078811	0.6106234	0.022205	11	1	1	21
2310	1	5	2	2	20	0.403	11.499939	28.5358287841191	0.57499695	0.02015	11	2	1	21
2410	2	1	0	2	20	0.1997	9.348796	46.8142013019529	0.4674398	0.009985	11	0	1	21
2510	2	1	1	2	20	0.3106	11.0693	35.6384417256922	0.553465	0.01553	11	1	1	21
2610	2	1	2	2	20	0.2024	7.949401	39.2756966403162	0.39747005	0.01012	11	2	1	21
2710	2	1	3	2	20	0.2102	7.522704	35.7883158896289	0.3761352	0.01051	11	2	1	21
2810	2	2	0	2	20	0.2342	10.18968	43.5084543125534	0.509484	0.01171	11	0	1	21
2910	2	2	1	2	20	0.313	10.739946	34.3129265175719	0.5369973	0.01565	11	1	1	21
3010	2	2	2	2	20	0.262	9.098482	34.7270305343511	0.4549241	0.0131	11	2	1	21
3110	2	2	3	2	20	0.2509	8.98867	35.8257074531686	0.4494335	0.012545	11	2	1	21
3210	2	2	3	2	20	0.3028	9.57747	31.6296895640687	0.4788735	0.01514	11	2	1	21
3310	2	3	0	2	20	0.3593	12.447377	34.6434094071806	0.62236885	0.017965	11	0	1	21
3410	2	3	1	2	20	0.3855	12.595321	32.6726874189364	0.62976605	0.019275	11	1	1	21
3510	2	3	2	2	20	0.3276	10.637455	32.4708638583639	0.53187275	0.01638	11	2	1	21
3610	2	3	3	2	20	0.2928	9.578435	32.7132342896175	0.47892175	0.01464	11	2	1	21
3710	2	3	3	2	20	0.3784	10.883666	28.7623308668076	0.5441833	0.01892	11	2	1	21
3810	2	4	0	2	20	0.3598	12.692663	35.276995553085	0.63463315	0.01799	11	0	1	21
3910	2	4	1	2	20	0.3674	12.216973	33.2525122482308	0.61084865	0.01837	11	1	1	21
4010	2	4	2	2	20	0.4414	13.188022	29.8777118260082	0.6594011	0.02207	11	2	1	21
4110	2	4	3	2	20	0.3101	9.8162	31.6549500161238	0.49081	0.015505	11	2	1	21
423	2	4	3	2	20	0.3367	9.867888	29.3076566676567	0.4933944	0.016835	11	2	1	21
431	2	5	0	2	20	0.38	12.100726	31.8440157894737	0.6050363	0.019	11	0	1	21
441	2	5	1	2	20	0.4082	12.947563	31.7186746692798	0.64737815	0.02041	11	1	1	21
451	2	5	2	2	20	0.4759	13.594486	28.5658457659172	0.6797243	0.023795	11	2	1	21
461	2	5	3	2	20	0.5794	15.059205	25.991033828098	0.75296025	0.02897	11	2	1	21
471	3	1	0	2	20	0.1282	6.275477	48.9506786271451	0.31377385	0.00641	11	0	1	21
481	3	1	1	2	20	0.1556	6.783507	43.5958033419023	0.33917535	0.00778	11	1	1	21
491	3	1	2	2	20	0.1739	7.263621	41.7689534215066	0.36318105	0.008695	11	2	1	21
501	3	1	3	2	20	0.1515	6.300174	41.5853069306931	0.3150087	0.007575	11	2	1	21
511	3	1	3	2	12	0.0876	3.650052	41.6672602739726	0.304171	0.0073	11	2	1	21
521	3	2	0	2	20	0.1928	8.383861	43.4847562240664	0.41919305	0.00964	11	0	1	21
531	3	2	1	2	20	0.2368	9.376229	39.5955616554054	0.46881145	0.01184	11	1	1	21
541	3	2	2	2	20	0.2647	9.257649	34.974117869286	0.46288245	0.013235	11	2	1	21
551	3	2	3	2	20	0.1515	5.876172	38.7866138613861	0.2938086	0.007575	11	2	1	21
561	3	3	0	2	20	0.1809	8.405904	46.4671310116086	0.4202952	0.009045	11	0	1	21
571	3	3	1	2	20	0.189	7.605807	40.2423650793651	0.38029035	0.00945	11	1	1	21
581	3	3	2	2	20	0.2439	9.263763	37.9818081180812	0.46318815	0.012195	11	2	1	21
591	3	3	3	2	20	0.1531	5.898457	38.5268256041803	0.29492285	0.007655	11	2	1	21
601	3	4	0	2	20	0.2778	11.369653	40.9274766018719	0.56848265	0.01389	11	0	1	21
611	3	4	1	2	20	0.3575	11.65629	32.605006993007	0.5828145	0.017875	11	1	1	21
621	3	4	2	2	20	0.4264	13.48033	31.6142823639775	0.6740165	0.02132	11	2	1	21
631	3	5	0	2	20	0.3712	13.139271	35.3967429956897	0.65696355	0.01856	11	0	1	21
641	3	5	1	2	20	0.5122	15.873944	30.9916907458024	0.7936972	0.02561	11	1	1	21
651	4	1	0	2	20	0.1493	6.894525	46.1790020093771	0.34472625	0.007465	11	0	1	21
661	4	1	1	2	20	0.1529	6.436494	42.0961020274689	0.3218247	0.007645	11	1	1	21
671	4	1	2	2	20	0.1339	6.041855	45.12214339059	0.30209275	0.006695	11	2	1	21
681	4	1	3	2	20	0.185	6.69795	36.2051351351351	0.3348975	0.00925	11	2	1	21
691	4	2	0	2	20	0.158	6.930485	43.863829113924	0.34652425	0.0079	11	0	1	21
701	4	2	1	2	20	0.1575	6.589828	41.8401777777778	0.3294914	0.007875	11	1	1	21
711	4	2	2	2	20	0.1536	6.415859	41.7699153645833	0.32079295	0.00768	11	2	1	21
721	4	2	3	2	20	0.1731	6.481746	37.4450953206239	0.3240873	0.008655	11	2	1	21
731	4	2	3	2	20	0.1587	5.941134	37.4362570888469	0.2970567	0.007935	11	2	1	21
741	4	3	0	2	20	0.2227	8.734655	39.2216210148181	0.43673275	0.011135	11	0	1	21
751	4	3	1	2	20	0.2251	8.133748	36.1339315859618	0.4066874	0.011255	11	1	1	21
761	4	3	2	2	20	0.1951	7.309436	37.4650743208611	0.3654718	0.009755	11	2	1	21
771	4	3	3	2	20	0.2183	7.23643	33.1490151168117	0.3618215	0.010915	11	2	1	21
781	4	3	3	2	20	0.1786	6.944483	38.8828835386338	0.34722415	0.00893	11	2	1	21
791	4	4	0	2	20	0.2897	10.303112	35.5647635484984	0.5151556	0.014485	11	0	1	21
801	4	4	1	2	20	0.2933	9.728753	33.1699727241732	0.48643765	0.014665	11	1	1	21
811	4	4	2	2	20	0.3105	9.954691	32.0601964573269	0.49773455	0.015525	11	2	1	21
821	4	4	3	2	20	0.3067	9.357243	30.5094326703619	0.46786215	0.015335	11	2	1	21
831	4	5	0	2	20	0.3015	10.720155	35.5560696517413	0.53600775	0.015075	11	0	1	21
841	4	5	1	2	20	0.403	12.235356	30.3606848635236	0.6117678	0.02015	11	1	1	21
851	4	5	2	2	20	0.4316	12.121079	28.0840569972196	0.60605395	0.02158	11	2	1	21
861	5	1	0	2	20	0.1604	7.421018	46.2656982543641	0.3710509	0.00802	11	0	1	21
871	5	1	1	2	20	0.163	6.684555	41.0095398773006	0.33422775	0.00815	11	1	1	21
881	5	1	2	2	20	0.1699	6.783828	39.9283578575633	0.3391914	0.008495	11	2	1	21
891	5	1	3	2	20	0.1337	5.718534	42.7713836948392	0.2859267	0.006685	11	2	1	21
901	5	2	0	2	20	0.2266	8.695276	38.3727978817299	0.4347638	0.01133	11	0	1	21
911	5	2	1	2	20	0.264	9.336568	35.3657878787879	0.4668284	0.0132	11	1	1	21
921	5	2	2	2	20	0.157	6.085861	38.7634458598726	0.30429305	0.00785	11	2	1	21
931	5	2	3	2	20	0.1571	5.938238	37.7990961171229	0.2969119	0.007855	11	2	1	21
941	5	3	0	2	20	0.2095	8.425252	40.216	0.4212626	0.010475	11	0	1	21
951	5	3	1	2	20	0.2409	8.61334	35.7548360315484	0.430667	0.012045	11	1	1	21
961	5	3	2	2	20	0.1579	6.088274	38.5577834072198	0.3044137	0.007895	11	2	1	21
971	5	3	3	2	20	0.1459	5.699267	39.062830705963	0.28496335	0.007295	11	2	1	21
981	5	4	0	2	20	0.2564	9.407604	36.6911232449298	0.4703802	0.01282	11	0	1	21
991	5	4	1	2	20	0.3017	9.884219	32.7617467683129	0.49421095	0.015085	11	1	1	21
1001	5	4	2	2	20	0.2352	8.189378	34.8187840136054	0.4094689	0.01176	11	2	1	21
1011	5	5	0	2	20	0.3164	11.778289	37.2259450063211	0.58891445	0.01582	11	0	1	21
1021	5	5	1	2	20	0.3583	11.558344	32.2588445436785	0.5779172	0.017915	11	1	1	21
1031	5	5	2	2	20	0.3448	10.530982	30.5422911832947	0.5265491	0.01724	11	2	1	21
1041	6	1	0	2	20	0.1565	6.50045	41.5364217252396	0.3250225	0.007825	11	0	1	21
1051	6	1	1	2	20	0.1856	7.40521	39.8987607758621	0.3702605	0.00928	11	1	1	21
1061	6	1	2	2	20	0.1633	6.253716	38.2958726270667	0.3126858	0.008165	11	2	1	21
1071	6	1	3	2	20	0.1777	6.267271	35.268829487901	0.31336355	0.008885	11	2	1	21
1081	6	1	3	2	20	0.1608	6.122263	38.0737748756219	0.30611315	0.00804	11	2	1	21
1091	6	2	0	2	20	0.187	7.394229	39.5413315508021	0.36971145	0.00935	11	0	1	21
1101	6	2	1	2	20	0.2196	7.431838	33.8426138433516	0.3715919	0.01098	11	1	1	21
1111	6	2	2	2	20	0.2047	6.829925	33.3655349291646	0.34149625	0.010235	11	2	1	21
1121	6	2	3	2	20	0.1839	6.257778	34.0281566068515	0.3128889	0.009195	11	2	1	21
1131	6	3	0	2	20	0.2093	8.230487	39.3238748208313	0.41152435	0.010465	11	0	1	21
1141	6	3	1	2	20	0.2617	8.673756	33.1438899503248	0.4336878	0.013085	11	1	1	21
1151	6	3	2	2	20	0.2547	7.909821	31.0554416961131	0.39549105	0.012735	11	2	1	21
1161	6	3	3	2	20	0.216	7.125773	32.9896898148148	0.35628865	0.0108	11	2	1	21
1171	6	4	0	2	20	0.2616	9.738889	37.2281689602447	0.48694445	0.01308	11	0	1	21
1181	6	4	1	2	20	0.2973	9.333109	31.392899428187	0.46665545	0.014865	11	1	1	21
1191	6	4	2	2	20	0.2927	9.504825	32.4729244960711	0.47524125	0.014635	11	2	1	21
1201	6	4	3	2	16	0.2348	7.109241	30.2778577512777	0.4443275625	0.014675	11	2	1	21
1211	6	5	0	2	20	0.3617	12.373968	34.2105833563727	0.6186984	0.018085	11	0	1	21
1221	6	5	1	2	20	0.5118	14.268199	27.8784661977335	0.71340995	0.02559	11	1	1	21
1231	6	5	2	2	20	0.6551	15.847838	24.1914791634865	0.7923919	0.032755	11	2	1	21
1241	7	1	0	3	20	0.1703	6.440717	37.8198297122725	0.32203585	0.008515	11	0	white	21
1251	7	1	1	3	20	0.2174	7.662764	35.2473045078197	0.3831382	0.01087	11	1	white	21
1261	7	1	2	3	20	0.1726	5.973394	34.6083082271147	0.2986697	0.00863	11	2	white	21
1271	7	1	3	3	20	0.2026	6.631942	32.7341658440276	0.3315971	0.01013	11	2	white	21
1281	7	1	3	3	20	0.2211	6.680332	30.2140750791497	0.3340166	0.011055	11	2	white	21
1291	7	2	0	3	20	0.163	6.147202	37.7128957055215	0.3073601	0.00815	11	0	white	21
1301	7	2	1	3	20	0.2076	7.282285	35.0784441233141	0.36411425	0.01038	11	1	white	21
1311	7	2	2	3	20	0.2006	6.614485	32.9735044865404	0.33072425	0.01003	11	2	white	21
1321	7	2	3	3	20	0.2175	6.721481	30.9033609195402	0.33607405	0.010875	11	2	white	21
1331	7	2	3	3	20	0.1994	6.230265	31.2450601805416	0.31151325	0.00997	11	2	white	21
1341	7	3	0	3	20	0.2235	8.047588	36.0071051454139	0.4023794	0.011175	11	0	white	21
1351	7	3	1	3	20	0.2452	7.877279	32.1259339314845	0.39386395	0.01226	11	1	white	21
1361	7	3	2	3	20	0.2302	7.465345	32.4298218940052	0.37326725	0.01151	11	2	white	21
1371	7	3	3	3	20	0.2069	6.743081	32.5910149830836	0.33715405	0.010345	11	2	white	21
1381	7	3	3	3	20	0.2511	7.672016	30.5536280366388	0.3836008	0.012555	11	2	white	21
1391	7	4	0	3	20	0.25	8.503649	34.014596	0.42518245	0.0125	11	0	white	21
1401	7	4	1	3	20	0.3198	9.435358	29.5039337085679	0.4717679	0.01599	11	1	white	21
1411	7	4	2	3	20	0.3155	9.280013	29.4136703645008	0.46400065	0.015775	11	2	white	21
1421	7	4	3	3	20	0.2506	7.570611	30.2099401436552	0.37853055	0.01253	11	2	white	21
1431	7	4	3	3	6	0.0748	2.068643	27.6556550802139	0.344773833333333	0.0124666666666667	11	2	white	21
1441	7	5	0	3	20	0.2867	9.163042	31.9603836763167	0.4581521	0.014335	11	0	white	21
1451	7	5	1	3	20	0.2849	8.739844	30.6768831168831	0.4369922	0.014245	11	1	white	21
1461	7	5	2	3	20	0.3195	8.997318	28.1606197183099	0.4498659	0.015975	11	2	white	21
1471	7	5	3	3	20	0.4573	11.425203	24.9840432976164	0.57126015	0.022865	11	2	white	21
1481	8	1	0	3	20	0.1286	5.467214	42.5133281493002	0.2733607	0.00643	11	0	white	21
1491	8	1	1	3	20	0.1291	5.159541	39.9654608830364	0.25797705	0.006455	11	1	white	21
1501	8	1	2	3	20	0.1233	4.842736	39.2760421735604	0.2421368	0.006165	11	2	white	21
1511	8	1	3	3	20	0.1283	4.889356	38.1087763055339	0.2444678	0.006415	11	2	white	21
1521	8	1	3	3	10	0.0638	2.280704	35.7477115987461	0.2280704	0.00638	11	2	white	21
1531	8	2	0	3	20	0.1377	5.591869	40.609070442992	0.27959345	0.006885	11	0	white	21
1541	8	2	1	3	20	0.1599	5.808636	36.3266791744841	0.2904318	0.007995	11	1	white	21
1551	8	2	2	3	20	0.1543	5.776899	37.4393972780298	0.28884495	0.007715	11	2	white	21
1561	8	2	3	3	20	0.1399	5.060066	36.1691636883488	0.2530033	0.006995	11	2	white	21
1571	8	3	0	3	20	0.1401	5.52739	39.453176302641	0.2763695	0.007005	11	0	white	21
1581	8	3	1	3	20	0.1648	5.829995	35.3761832524272	0.29149975	0.00824	11	1	white	21
1591	8	3	2	3	20	0.1562	5.618135	35.9675736235595	0.28090675	0.00781	11	2	white	21
1601	8	3	3	3	20	0.1783	6.343817	35.5794559730791	0.31719085	0.008915	11	2	white	21
1611	8	4	0	3	20	0.1533	5.512346	35.957899543379	0.2756173	0.007665	11	0	white	21
1621	8	4	1	3	20	0.1883	6.379979	33.8819915029209	0.31899895	0.009415	11	1	white	21
1631	8	4	2	3	20	0.1882	6.20605	32.9758235919235	0.3103025	0.00941	11	2	white	21
1641	8	4	3	3	20	0.1842	6.172463	33.5095711183496	0.30862315	0.00921	11	2	white	21
1651	8	4	3	3	4	0.053	1.437045	27.1140566037736	0.35926125	0.01325	11	2	white	21
1661	8	5	0	3	20	0.1695	6.42688	37.9166961651917	0.321344	0.008475	11	0	white	21
1671	8	5	1	3	20	0.2835	8.799255	31.0379365079365	0.43996275	0.014175	11	1	white	21
1681	8	5	2	3	20	0.2932	8.760881	29.880221691678	0.43804405	0.01466	11	2	white	21
1691	8	5	3	3	20	0.281	8.534138	30.3705978647687	0.4267069	0.01405	11	2	white	21
1701	9	1	0	3	20	0.1169	5.429444	46.4452010265184	0.2714722	0.005845	11	0	white	21
1711	9	1	1	3	20	0.1766	6.648555	37.647536806342	0.33242775	0.00883	11	1	white	21
1721	9	1	2	3	20	0.1401	5.651602	40.3397715917202	0.2825801	0.007005	11	2	white	21
1731	9	1	3	3	20	0.151	5.546496	36.731761589404	0.2773248	0.00755	11	2	white	21
1741	9	1	3	3	20	0.1789	6.459059	36.104298490777	0.32295295	0.008945	11	2	white	21
1751	9	2	0	3	20	0.1456	6.476557	44.4818475274725	0.32382785	0.00728	11	0	white	21
1761	9	2	1	3	20	0.1669	6.527239	39.1086818454164	0.32636195	0.008345	11	1	white	21
1771	9	2	2	3	20	0.1665	6.500007	39.0390810810811	0.32500035	0.008325	11	2	white	21
1781	9	2	3	3	20	0.1846	6.586972	35.6824052004334	0.3293486	0.00923	11	2	white	21
1791	9	2	3	3	20	0.1693	6.150581	36.3294802126403	0.30752905	0.008465	11	2	white	21
1801	9	3	0	3	20	0.1462	6.172543	42.2198563611491	0.30862715	0.00731	11	0	white	21
1811	9	3	1	3	20	0.1797	6.521688	36.2920868113523	0.3260844	0.008985	11	1	white	21
1821	9	3	2	3	20	0.1521	5.579882	36.6856147271532	0.2789941	0.007605	11	2	white	21
1831	9	3	3	3	20	0.1519	5.723039	37.6763594470046	0.28615195	0.007595	11	2	white	21
1841	9	3	3	3	20	0.1578	5.697658	36.1068314321927	0.2848829	0.00789	11	2	white	21
1851	9	4	0	3	20	0.2198	8.265401	37.6041901728844	0.41327005	0.01099	11	0	white	21
1861	9	4	1	3	20	0.2507	7.957848	31.7425129637016	0.3978924	0.012535	11	1	white	21
1871	9	4	2	3	20	0.2604	8.29026	31.8366359447005	0.414513	0.01302	11	2	white	21
1881	9	4	3	3	20	0.2578	7.852783	30.4607564003103	0.39263915	0.01289	11	2	white	21
1891	9	4	3	3	20	0.2433	7.363578	30.2654254007398	0.3681789	0.012165	11	2	white	21
1901	9	5	0	3	20	0.3059	10.463526	34.2057077476299	0.5231763	0.015295	11	0	white	21
1911	9	5	1	3	20	0.3846	11.066243	28.7733827353094	0.55331215	0.01923	11	1	white	21
1921	9	5	2	3	20	0.3998	10.6204	26.5642821410705	0.53102	0.01999	11	2	white	21
1931	9	5	3	3	20	0.3983	10.564569	26.5241501380869	0.52822845	0.019915	11	2	white	21
1941	10	1	0	3	20	0.1611	6.643889	41.2407759155804	0.33219445	0.008055	11	0	white	21
1951	10	1	1	3	20	0.1671	6.429615	38.4776481149013	0.32148075	0.008355	11	1	white	21
1961	10	1	2	3	20	0.1653	5.992179	36.2503266787659	0.29960895	0.008265	11	2	white	21
1971	10	1	3	3	20	0.1697	6.290199	37.0665822038892	0.31450995	0.008485	11	2	white	21
1981	10	1	3	3	20	0.1682	6.034776	35.8785731272295	0.3017388	0.00841	11	2	white	21
1991	10	2	0	3	20	0.1376	5.689855	41.3506904069767	0.28449275	0.00688	11	0	white	21
2001	10	2	1	3	20	0.1494	5.613067	37.5707295850067	0.28065335	0.00747	11	1	white	21
2011	10	2	2	3	20	0.1252	4.842937	38.6816054313099	0.24214685	0.00626	11	2	white	21
2021	10	2	3	3	20	0.1582	5.823519	36.8111188369153	0.29117595	0.00791	11	2	white	21
2031	10	2	3	3	20	0.1337	5.091803	38.0837920718025	0.25459015	0.006685	11	2	white	21
2041	10	3	0	3	20	0.1539	5.991696	38.9323976608187	0.2995848	0.007695	11	0	white	21
2051	10	3	1	3	20	0.1541	5.83619	37.8727449707982	0.2918095	0.007705	11	1	white	21
2061	10	3	2	3	20	0.1338	5.05717	37.7964872944694	0.2528585	0.00669	11	2	white	21
2071	10	3	3	3	20	0.1557	5.516408	35.4297238278741	0.2758204	0.007785	11	2	white	21
2081	10	3	3	3	20	0.1349	4.876484	36.1488806523351	0.2438242	0.006745	11	2	white	21
2091	10	4	0	3	20	0.2051	7.642773	37.2636421257923	0.38213865	0.010255	11	0	white	21
2101	10	4	1	3	20	0.2111	7.273838	34.4568356229275	0.3636919	0.010555	11	1	white	21
2111	10	4	2	3	20	0.1827	6.542725	35.8113026819923	0.32713625	0.009135	11	2	white	21
2121	10	4	3	3	20	0.1886	6.585001	34.9151696712619	0.32925005	0.00943	11	2	white	21
2131	10	4	3	3	20	0.1869	6.434523	34.4276243980738	0.32172615	0.009345	11	2	white	21
2141	10	5	0	3	10	0.0996	3.709704	37.2460240963855	0.3709704	0.00996	11	0	white	21
2151	10	5	1	3	10	0.1006	3.397968	33.7770178926441	0.3397968	0.01006	11	1	white	21
2161	10	5	2	3	10	0.1154	3.562645	30.8721403812825	0.3562645	0.01154	11	2	white	21
2171	10	5	3	3	20	0.215	6.758085	31.4329534883721	0.33790425	0.01075	11	2	white	21
2181	11	1	0	3	20	0.1046	4.848448	46.352275334608	0.2424224	0.00523	11	0	white	21
2191	11	1	1	3	20	0.1255	5.024146	40.0330358565737	0.2512073	0.006275	11	1	white	21
2201	11	1	2	3	20	0.132	5.084482	38.518803030303	0.2542241	0.0066	11	2	white	21
2211	11	1	3	3	20	0.1227	4.591094	37.4172290138549	0.2295547	0.006135	11	2	white	21
2221	11	1	3	3	18	0.1443	5.217906	36.1601247401247	0.289883666666667	0.00801666666666667	11	2	white	21
2231	11	2	0	3	20	0.1203	5.456354	45.3562261014131	0.2728177	0.006015	11	0	white	21
2241	11	2	1	3	20	0.2066	7.073241	34.236403678606	0.35366205	0.01033	11	1	white	21
2251	11	2	2	3	20	0.1711	5.982605	34.9655464640561	0.29913025	0.008555	11	2	white	21
2261	11	2	3	3	20	0.1601	5.590702	34.9200624609619	0.2795351	0.008005	11	2	white	21
2271	11	2	3	3	20	0.1536	5.429846	35.3505598958333	0.2714923	0.00768	11	2	white	21
2281	11	3	0	3	20	0.1336	5.595288	41.8808982035928	0.2797644	0.00668	11	0	white	21
2291	11	3	1	3	20	0.1812	6.230587	34.3851379690949	0.31152935	0.00906	11	1	white	21
2301	11	3	2	3	20	0.1578	5.291596	33.5335614702155	0.2645798	0.00789	11	2	white	21
2311	11	3	3	3	20	0.1849	6.099255	32.9867766360195	0.30496275	0.009245	11	2	white	21
2321	11	3	3	3	20	0.1578	5.032433	31.8912103929024	0.25162165	0.00789	11	2	white	21
2331	11	4	0	3	20	0.1828	6.966084	38.1076805251641	0.3483042	0.00914	11	0	white	21
2341	11	4	1	3	20	0.1908	6.286217	32.9466299790356	0.31431085	0.00954	11	1	white	21
2351	11	4	2	3	20	0.2063	6.470604	31.3650218128938	0.3235302	0.010315	11	2	white	21
2361	11	4	3	3	20	0.1945	6.325073	32.5196555269923	0.31625365	0.009725	11	2	white	21
2371	11	4	3	3	20	0.1865	6.148731	32.9690670241287	0.30743655	0.009325	11	2	white	21
2381	11	5	0	3	20	0.236	8.41769	35.6681779661017	0.4208845	0.0118	11	0	white	21
2391	11	5	1	3	20	0.2787	8.449346	30.3169931826337	0.4224673	0.013935	11	1	white	21
2401	11	5	2	3	20	0.2763	8.382212	30.3373579442635	0.4191106	0.013815	11	2	white	21
2411	11	5	3	3	20	0.2705	7.488514	27.6839704251386	0.3744257	0.013525	11	2	white	21
2421	12	1	0	3	20	0.1075	4.886138	45.4524465116279	0.2443069	0.005375	11	0	white	21
2431	12	1	1	3	20	0.135	5.114369	37.8842148148148	0.25571845	0.00675	11	1	white	21
2441	12	1	2	3	20	0.1591	5.956178	37.4366939032055	0.2978089	0.007955	11	2	white	21
2451	12	1	3	3	20	0.1403	5.230818	37.2830933713471	0.2615409	0.007015	11	2	white	21
2461	12	1	3	3	20	0.1207	4.71064	39.027671913836	0.235532	0.006035	11	2	white	21
2471	12	2	0	3	20	0.1113	4.93859	44.3718778077269	0.2469295	0.005565	11	0	white	21
2481	12	2	1	3	20	0.1507	5.723723	37.9809090909091	0.28618615	0.007535	11	1	white	21
2491	12	2	2	3	20	0.138	5.256843	38.0930652173913	0.26284215	0.0069	11	2	white	21
2501	12	2	3	3	20	0.1328	5.07334	38.2028614457831	0.253667	0.00664	11	2	white	21
2511	12	2	3	3	20	0.1517	5.412389	35.6782399472643	0.27061945	0.007585	11	2	white	21
2521	12	3	0	3	20	0.1998	7.190132	35.9866466466466	0.3595066	0.00999	11	0	white	21
2531	12	3	1	3	20	0.1943	6.975898	35.9027174472465	0.3487949	0.009715	11	1	white	21
2541	12	3	2	3	20	0.217	7.227379	33.3058940092166	0.36136895	0.01085	11	2	white	21
2551	12	3	3	3	20	0.1763	6.243981	35.4167952353942	0.31219905	0.008815	11	2	white	21
2561	12	3	3	3	20	0.1862	5.904772	31.7119871106337	0.2952386	0.00931	11	2	white	21
2571	12	4	0	3	20	0.2047	7.030885	34.3472642892037	0.35154425	0.010235	11	0	white	21
2581	12	4	1	3	20	0.2557	8.609599	33.6707039499413	0.43047995	0.012785	11	1	white	21
2591	12	4	2	3	20	0.2467	8.033228	32.5627401702473	0.4016614	0.012335	11	2	white	21
2601	12	4	3	3	20	0.2578	7.901293	30.6489255236618	0.39506465	0.01289	11	2	white	21
2611	12	4	3	3	20	0.2228	6.86496	30.8122082585278	0.343248	0.01114	11	2	white	21
2621	12	5	0	3	20	0.233	8.800985	37.7724678111588	0.44004925	0.01165	11	0	white	21
2631	12	5	1	3	20	0.3414	9.931563	29.0906942003515	0.49657815	0.01707	11	1	white	21
2641	12	5	2	3	20	0.3648	10.341365	28.3480400219298	0.51706825	0.01824	11	2	white	21
2651	12	5	3	3	14	0.188	5.52389	29.3823936170213	0.394563571428571	0.0134285714285714	11	2	white	21
