plot	rep	year	nr	h	lc	d
2	1	2009	1	13.6	5.3	0.1305
2	1	2010	1	13.9	5.2	0.1335
2	1	2005	2	14.9	7.9	0.216
2	1	2007	2	15.3	8.3	0.216
2	1	2011	2	16.4	9.9	0.2335
2	1	2012	2	17.1	9.7	0.2355
2	1	2013	2	17.4	10	0.2375
2	1	2014	2	17.8	9.7	0.2425
2	1	2016	2	18.8	10.5	0.2495
2	1	2018	2	18.9	9.8	0.256
2	1	2005	4	13.4	5.4	0.131
2	1	2007	4	13.6	4.9	0.134
2	1	2008	4	14.2	5.5	0.135
2	1	2009	4	14.3	5.6	0.1385
2	1	2010	4	14.8	6.1	0.143
2	1	2011	4	14.8	6.1	0.1465
2	1	2012	4	15.3	6.6	0.1475
2	1	2013	4	15.8	7.1	0.151
2	1	2014	4	15.9	7.2	0.1545
2	1	2015	4	16.1	7	0.1575
2	1	2016	4	16.3	6.9	0.16
2	1	2018	4	16.8	7.4	0.163
2	1	2005	11	15.2	6.4	0.144
2	1	2007	11	15.6	6.8	0.149
2	1	2008	11	15.9	7.1	0.1535
2	1	2009	11	16.2	7.4	0.1605
2	1	2010	11	16.7	7.9	0.1665
2	1	2011	11	16.7	7.9	0.172
2	1	2012	11	17.1	7.8	0.1755
2	1	2013	11	17.6	8.3	0.18
2	1	2014	11	17.8	8.5	0.1835
2	1	2015	11	18.4	8	0.1885
2	1	2016	11	18.6	8.2	0.1925
2	1	2018	11	19	8.6	0.2005
2	1	2005	16	16.2	7.5	0.2185
2	1	2007	16	16.5	7.8	0.2255
2	1	2008	16	17	8.2	0.2275
2	1	2014	16	17.9	8.1	0.258
2	1	2015	16	18.5	8	0.263
2	1	2016	16	18.7	8.2	0.268
2	1	2018	16	19.1	8.1	0.271
2	1	2018	18	19.3	9	0.2385
2	1	2005	20	14.4	7.4	0.164
2	1	2007	20	14.8	7.8	0.1705
2	1	2008	20	15.3	7.9	0.174
2	1	2009	20	15.5	8.1	0.1805
2	1	2010	20	16.1	8.3	0.1875
2	1	2011	20	16.1	8.2	0.194
2	1	2012	20	16.3	7.7	0.196
2	1	2013	20	16.9	8	0.1995
2	1	2014	20	16.9	8	0.2035
2	1	2015	20	17.2	8	0.2055
2	1	2016	20	17.4	8.2	0.2085
2	1	2011	22	15.8	7.5	0.182
2	1	2012	22	17	8.3	0.1845
2	1	2013	22	17.2	8.5	0.1905
2	1	2014	22	17.4	8.7	0.196
2	1	2015	22	17.9	9.2	0.2025
2	1	2016	22	17.9	9.2	0.206
2	1	2005	27	14	4.7	0.1265
2	1	2007	27	14.3	5	0.126
2	1	2008	27	14.8	4.4	0.126
2	1	2009	27	15	4.6	0.129
2	1	2010	27	15.6	5.2	0.1325
2	1	2011	27	15.8	5.4	0.1365
2	1	2012	27	16.5	6.1	0.137
2	1	2013	27	17.1	6.7	0.1375
2	1	2014	27	17.4	5.2	0.1395
2	1	2015	27	18.1	5.7	0.142
2	1	2016	27	18.4	6	0.144
2	1	2018	27	19.1	6.1	0.1475
2	1	2005	28	14.8	7.9	0.2095
2	1	2007	28	14.9	8	0.2155
2	1	2008	28	15.5	8.6	0.2165
2	1	2009	28	15.9	9	0.2215
2	1	2010	28	16.1	8.6	0.2255
2	1	2013	28	17.3	9.9	0.233
2	1	2005	36	15.5	8.2	0.208
2	1	2007	36	15.8	8.5	0.211
2	1	2008	36	16.4	9.1	0.2165
2	1	2011	36	16.8	8.8	0.2285
2	1	2012	36	17.5	9.3	0.2315
2	1	2014	36	18	8.1	0.2395
2	1	2015	36	18.4	8.5	0.2435
2	1	2016	36	18.4	8.5	0.245
2	1	2009	38	15	8.7	0.24
2	1	2010	38	15.6	9	0.245
2	1	2011	38	15.6	9	0.2495
2	1	2012	38	15.9	7.6	0.2525
2	1	2013	38	16.2	7.9	0.255
2	1	2005	44	15.6	6.8	0.177
2	1	2007	44	15.8	6.2	0.1815
2	1	2008	44	16.2	6.6	0.185
2	1	2009	44	16.3	6.7	0.189
2	1	2010	44	16.8	6.9	0.1975
2	1	2011	44	16.8	6.9	0.2045
2	1	2012	44	17.6	7.7	0.2085
2	1	2013	44	17.8	7.9	0.215
2	1	2014	44	18	8.1	0.222
2	1	2015	44	18.6	8.7	0.2265
2	1	2016	44	18.6	8.7	0.2305
2	1	2018	44	19.3	8.9	0.2395
2	1	2018	46	18.7	9.3	0.1965
2	1	2005	48	15.8	7.5	0.243
2	1	2007	48	15.9	7.6	0.2495
2	1	2008	48	16.2	7.9	0.2515
2	1	2009	48	16.4	8.1	0.258
2	1	2010	48	16.5	8.2	0.265
2	1	2011	48	16.9	8.6	0.272
2	1	2012	48	17.1	8.4	0.2745
2	1	2013	48	17.5	8.8	0.278
2	1	2014	48	17.6	8.9	0.2815
2	1	2015	48	18.6	9.9	0.2865
2	1	2016	48	18.6	9.9	0.288
2	1	2018	48	18.9	9.9	0.295
2	1	2008	50	15.4	5.9	0.1545
2	1	2009	50	15.6	6.1	0.1575
2	1	2010	50	15.8	6.3	0.1645
2	1	2014	50	17	6.7	0.179
2	1	2015	50	17.9	7.6	0.1825
2	1	2016	50	17.9	7.6	0.1855
2	1	2018	50	18.7	8.4	0.191
2	1	2009	51	14.4	6	0.1615
2	1	2010	51	15	5.2	0.167
2	1	2011	51	15.1	5.3	0.17
2	1	2012	51	15.6	5.8	0.172
2	1	2013	51	16	6.2	0.1725
2	1	2014	51	16.1	6.3	0.1725
2	1	2015	51	16.6	6.8	0.1745
2	1	2016	51	16.8	7	0.179
2	1	2018	51	17.4	7.6	0.1815
2	1	2005	53	13.3	4.9	0.152
2	1	2007	53	13.4	5	0.1545
2	1	2008	53	13.6	5.2	0.156
2	1	2009	53	13.8	5.4	0.161
2	1	2010	53	14.2	5.8	0.164
2	1	2011	53	14.3	5.9	0.168
2	1	2012	53	14.5	6.1	0.1695
2	1	2013	53	15	6.6	0.1705
2	1	2014	53	15	6.6	0.1735
2	1	2015	53	15.6	7.2	0.177
2	1	2016	53	15.8	7.4	0.1785
2	1	2018	53	16.7	8.3	0.1815
2	1	2015	58	17.2	10.8	0.2485
2	1	2005	60	11.4	6.6	0.1105
2	1	2007	60	11.9	7.1	0.1155
2	1	2008	60	12.5	7.7	0.1165
2	1	2009	60	12.5	7.7	0.1205
2	1	2010	60	13.1	8.3	0.126
2	1	2011	60	13.5	8.7	0.1315
2	1	2012	60	13.9	5.9	0.1315
2	1	2013	60	14.3	6	0.132
2	1	2005	67	16	6.8	0.191
2	1	2007	67	16.1	6.9	0.195
2	1	2008	67	16.7	7.3	0.1975
2	1	2009	67	16.8	7.4	0.2005
2	1	2010	67	17.1	7.2	0.208
2	1	2011	67	17.3	7.4	0.213
2	1	2012	67	17.7	7.8	0.2155
2	1	2013	67	18.1	8.2	0.2185
2	1	2014	67	18.4	8.5	0.223
2	1	2015	67	19	9.1	0.2255
2	1	2016	67	19.2	9.3	0.2295
2	1	2018	67	19.7	9.8	0.2355
2	1	2011	73	16.7	8.2	0.222
2	1	2012	73	17.5	8.3	0.2235
2	1	2013	73	18	8.4	0.2265
2	1	2014	73	18.2	7.7	0.23
2	1	2015	73	18.5	8	0.233
2	1	2016	73	19.2	8.7	0.236
2	1	2005	74	14.1	6.8	0.1655
2	1	2007	74	14.3	6.4	0.1685
2	1	2008	74	14.9	6.6	0.1695
2	1	2009	74	15.2	6.9	0.175
2	1	2010	74	15.6	7.3	0.1785
2	1	2011	74	15.7	7.3	0.184
2	1	2012	74	16.5	7.3	0.185
2	1	2013	74	16.8	7.6	0.187
2	1	2014	74	17.1	7.3	0.1905
2	1	2015	74	17.9	8.1	0.1925
2	1	2016	74	17.9	8.1	0.195
2	1	2018	74	18.5	7.8	0.2005
2	1	2018	80	17.3	8.3	0.205
2	1	2005	81	14.7	7.3	0.1395
2	1	2007	81	14.8	7.4	0.1465
2	1	2008	81	15.4	7.5	0.1485
2	1	2009	81	15.5	7.6	0.153
2	1	2010	81	16	7.5	0.16
2	1	2011	81	16	7.5	0.167
2	1	2012	81	16.1	6.5	0.171
2	1	2013	81	16.6	6.6	0.1755
2	1	2014	81	16.8	6.8	0.181
2	1	2015	81	17.6	7.6	0.184
2	1	2016	81	17.9	7.9	0.187
2	1	2018	81	18.5	8.5	0.194
2	1	2011	82	17.2	9.5	0.222
2	1	2009	84	17.8	9.6	0.216
2	1	2010	84	18.4	9.3	0.221
2	1	2005	89	16.3	7.9	0.176
2	1	2007	89	16.4	8	0.184
2	1	2008	89	16.9	8.5	0.1855
2	1	2009	89	16.9	8.5	0.193
2	1	2010	89	17.5	9.1	0.1995
2	1	2011	89	17.6	9.2	0.2045
2	1	2012	89	17.9	9	0.2055
2	1	2013	89	18.4	9.5	0.209
2	1	2014	89	18.5	8.4	0.211
2	1	2015	89	19.2	8.5	0.2155
2	1	2016	89	19.3	8.6	0.218
2	1	2018	89	20	9.3	0.222
2	1	2005	93	16.1	6.8	0.215
2	1	2007	93	16.3	7	0.2205
2	1	2008	93	16.8	7.1	0.223
2	1	2009	93	16.8	7.1	0.2275
2	1	2010	93	17.1	7.2	0.233
2	1	2013	93	18	7.7	0.239
2	1	2018	93	20	9	0.2505
2	1	2012	94	18.2	9.9	0.2265
2	1	2014	94	18.7	10.5	0.234
2	1	2015	94	19.6	10.8	0.238
2	1	2016	94	19.8	11	0.241
2	1	2018	94	20.3	11	0.246
2	1	2005	97	13.7	6.9	0.18
2	1	2007	97	13.9	6.5	0.1845
2	1	2008	97	14.2	6.8	0.1855
2	1	2009	97	14.3	6.9	0.188
2	1	2010	97	14.8	7.4	0.1915
2	1	2011	97	14.9	7.5	0.194
2	1	2012	97	15.5	7.5	0.196
2	1	2013	97	16.1	8.1	0.1995
2	1	2014	97	16.3	8.3	0.2025
2	1	2015	97	16.9	8.9	0.2065
2	1	2016	97	17.1	9.1	0.208
2	1	2018	97	17.8	8.1	0.2125
2	2	2005	1	16.5	7.9	0.2095
2	2	2007	1	16.5	7.9	0.219
2	2	2008	1	17	8.4	0.2235
2	2	2009	1	17.4	8.8	0.2305
2	2	2010	1	17.6	9	0.237
2	2	2011	1	17.6	9	0.243
2	2	2012	1	18.2	9.6	0.2495
2	2	2013	1	18.5	9.9	0.256
2	2	2014	1	18.8	10	0.2595
2	2	2015	1	19.4	9.7	0.266
2	2	2016	1	19.7	9.4	0.2725
2	2	2018	1	19.7	9.4	0.279
2	2	2007	2	13.4	5.5	0.1285
2	2	2008	2	14	6.1	0.1305
2	2	2009	2	14.2	6.3	0.134
2	2	2010	2	14.5	6.6	0.138
2	2	2011	2	14.6	6.7	0.1405
2	2	2012	2	15.5	7.6	0.1415
2	2	2013	2	15.8	7.9	0.1435
2	2	2014	2	16.2	8.3	0.1475
2	2	2015	2	16.7	8	0.15
2	2	2016	2	16.9	8.2	0.1515
2	2	2018	2	16.9	7.5	0.155
2	2	2005	4	15	7.4	0.181
2	2	2007	4	15.2	7.6	0.1895
2	2	2008	4	15.8	8.2	0.1925
2	2	2009	4	16.1	8.5	0.1965
2	2	2010	4	16.6	9	0.2
2	2	2011	4	16.6	9	0.2065
2	2	2012	4	17.5	10	0.2085
2	2	2013	4	17.9	10.4	0.214
2	2	2014	4	18.4	9.4	0.2165
2	2	2015	4	19	9.5	0.224
2	2	2016	4	19.3	9.8	0.228
2	2	2018	4	19.6	10.1	0.2315
2	2	2005	11	16.9	7.5	0.201
2	2	2007	11	17	7.6	0.206
2	2	2008	11	17.5	8.1	0.2085
2	2	2009	11	17.5	8.1	0.2115
2	2	2010	11	18	8.6	0.215
2	2	2011	11	18	8.6	0.2185
2	2	2012	11	18.9	9	0.222
2	2	2005	12	17	7.5	0.226
2	2	2007	12	17.1	7.6	0.2335
2	2	2008	12	17.6	8.1	0.235
2	2	2009	12	17.6	8.1	0.2375
2	2	2010	12	17.8	8.3	0.2415
2	2	2011	12	17.8	8.3	0.244
2	2	2012	12	18.1	8.6	0.2475
2	2	2009	15	15.6	7.3	0.1755
2	2	2010	15	16.1	7.6	0.1775
2	2	2011	15	16.1	7.6	0.1815
2	2	2012	15	16.6	8.1	0.1845
2	2	2013	15	17	8.5	0.189
2	2	2014	15	17.4	8.9	0.193
2	2	2015	15	18	8.8	0.1975
2	2	2016	15	18.3	8.9	0.203
2	2	2018	15	18.6	8.4	0.209
2	2	2005	19	15.3	7.5	0.1735
2	2	2007	19	15.6	7.6	0.1825
2	2	2008	19	16.2	8	0.1845
2	2	2009	19	16.3	7.4	0.187
2	2	2010	19	16.6	7.7	0.192
2	2	2011	19	16.6	7.7	0.196
2	2	2012	19	17.2	8.3	0.1995
2	2	2013	19	17.7	8.8	0.2065
2	2	2014	19	18	9.1	0.2115
2	2	2015	19	18.4	8.7	0.219
2	2	2016	19	18.7	9	0.2245
2	2	2018	19	19.2	9.5	0.2315
2	2	2005	27	14.6	6.1	0.175
2	2	2007	27	14.7	6.2	0.182
2	2	2008	27	15	6.5	0.183
2	2	2009	27	15.1	6.6	0.1875
2	2	2010	27	15.6	6.8	0.19
2	2	2009	28	16.3	8.8	0.218
2	2	2010	28	16.6	8.5	0.2235
2	2	2011	28	16.7	8.6	0.227
2	2	2012	28	17.3	9.2	0.23
2	2	2013	28	17.9	9.5	0.234
2	2	2014	28	18.3	9.9	0.238
2	2	2015	28	18.6	9.5	0.2425
2	2	2016	28	18.6	9.1	0.246
2	2	2018	28	19.1	8.4	0.2535
2	2	2009	29	18.3	9.3	0.2145
2	2	2010	29	18.9	9.9	0.222
2	2	2012	29	19.5	9.5	0.2325
2	2	2013	29	19.9	9.9	0.2375
2	2	2015	29	20.9	10.9	0.2485
2	2	2016	29	21.2	11.2	0.254
2	2	2018	29	21.3	11	0.259
2	2	2005	33	13.4	5.2	0.1495
2	2	2013	36	16.1	7.1	0.1895
2	2	2014	36	16.6	7.6	0.1915
2	2	2015	36	17.2	7.7	0.1945
2	2	2016	36	17.4	7.2	0.198
2	2	2018	36	17.8	7.6	0.2
2	2	2011	37	15.7	8.3	0.1875
2	2	2012	37	16.5	9.1	0.191
2	2	2013	37	17.1	7.9	0.195
2	2	2014	37	17.6	8.1	0.198
2	2	2015	37	18	8.2	0.2015
2	2	2016	37	18	7.9	0.206
2	2	2018	37	18.3	8	0.2115
2	2	2009	39	14.3	6.9	0.1605
2	2	2010	39	14.9	6.7	0.166
2	2	2011	39	14.9	6.7	0.1715
2	2	2012	39	15.3	7.2	0.1735
2	2	2013	39	15.6	6.9	0.176
2	2	2014	39	16.5	7.8	0.1805
2	2	2015	39	17.2	7.8	0.1855
2	2	2016	39	17.4	8	0.1875
2	2	2018	39	17.8	7.8	0.1915
2	2	2005	41	14.5	6.2	0.1765
2	2	2007	41	14.9	6.6	0.1825
2	2	2008	41	15.2	6.9	0.1855
2	2	2009	41	15.3	7	0.194
2	2	2010	41	16.1	6.9	0.2
2	2	2011	41	16.3	7.1	0.2055
2	2	2012	41	16.9	7	0.209
2	2	2013	41	17.1	7.2	0.2125
2	2	2014	41	17.4	7.5	0.2165
2	2	2015	41	17.9	7.7	0.22
2	2	2016	41	18	7.8	0.223
2	2	2018	41	18.5	8.1	0.23
2	2	2005	47	17.4	9.4	0.208
2	2	2007	47	17.6	9.6	0.214
2	2	2008	47	18.3	10.3	0.215
2	2	2009	47	18.5	10.5	0.223
2	2	2011	47	18.3	10.5	0.236
2	2	2012	47	19	11.2	0.2385
2	2	2013	47	19.4	11.4	0.2415
2	2	2014	47	20	12	0.2465
2	2	2016	47	20.6	10.7	0.2525
2	2	2009	52	13.8	5.4	0.1375
2	2	2010	52	14.6	5.2	0.141
2	2	2011	52	14.8	5.4	0.1445
2	2	2012	52	15.4	6	0.1445
2	2	2013	52	16	6	0.1455
2	2	2014	52	16.3	6	0.1485
2	2	2015	52	16.8	6.5	0.1515
2	2	2016	52	17	6.7	0.153
2	2	2018	52	17.5	7.2	0.158
2	2	2005	55	13.5	5.6	0.1625
2	2	2007	55	13.8	5.9	0.1675
2	2	2008	55	14.4	6.5	0.1715
2	2	2009	55	14.5	6.6	0.1765
2	2	2010	55	14.9	7	0.182
2	2	2011	55	15	7.1	0.1865
2	2	2012	55	15.6	7.7	0.1885
2	2	2013	55	16.1	8.2	0.19
2	2	2014	55	16.4	8	0.1935
2	2	2015	55	16.9	7.8	0.1965
2	2	2016	55	17.5	8.4	0.198
2	2	2018	55	17.5	8.4	0.201
2	2	2005	58	14.8	8.1	0.22
2	2	2007	58	15	8.3	0.229
2	2	2008	58	15.6	8.9	0.2325
2	2	2009	58	15.7	9	0.24
2	2	2010	58	16.2	9.5	0.2465
2	2	2011	58	16.5	8.7	0.2565
2	2	2012	58	17.3	9.1	0.257
2	2	2013	58	17.5	9.3	0.2595
2	2	2014	58	17.8	8.1	0.263
2	2	2016	58	18.3	9.3	0.2685
2	2	2005	59	16.4	6.7	0.212
2	2	2010	59	17.5	7.9	0.23
2	2	2005	64	14.2	6.1	0.1535
2	2	2007	64	14.3	6.2	0.16
2	2	2008	64	15	6.8	0.1615
2	2	2009	64	15.1	6.9	0.1655
2	2	2010	64	15.5	6.4	0.1715
2	2	2011	64	15.5	6.4	0.1725
2	2	2012	64	16.3	6.6	0.175
2	2	2013	64	16.5	6.8	0.175
2	2	2014	64	17	7.3	0.179
2	2	2015	64	17.3	7.6	0.1825
2	2	2016	64	17.4	7.7	0.186
2	2	2018	64	17.7	8	0.191
2	2	2009	69	15.6	7	0.197
2	2	2010	69	16.1	7.5	0.2015
2	2	2011	69	16.2	7.6	0.2065
2	2	2012	69	16.7	8.1	0.2095
2	2	2013	69	17.1	8.5	0.2135
2	2	2014	69	17.6	8.5	0.216
2	2	2015	69	17.9	8.8	0.219
2	2	2016	69	17.9	8.8	0.22
2	2	2018	69	18.2	8.5	0.2225
2	2	2011	72	17.1	9.1	0.2275
2	2	2014	72	18.2	8.8	0.243
2	2	2015	72	18.6	9.2	0.2505
2	2	2018	72	19.1	8.7	0.2585
2	2	2005	73	14.7	7.3	0.1875
2	2	2007	73	15	6.8	0.196
2	2	2008	73	15.5	7.3	0.2005
2	2	2005	74	17.4	16.4	0.2225
2	2	2007	74	17.6	7.9	0.2305
2	2	2008	74	17.9	7.9	0.2345
2	2	2015	74	20	8.9	0.268
2	2	2018	74	19.8	7.8	0.2745
2	2	2007	78	17.1	7.1	0.219
2	2	2008	78	17.8	7.8	0.2215
2	2	2009	78	18	8	0.2295
2	2	2013	78	19.4	8.9	0.252
2	2	2014	78	19.9	8.5	0.2565
2	2	2015	78	20.8	9.4	0.261
2	2	2016	78	20.8	9.4	0.2645
2	2	2018	78	21.1	8.8	0.2715
2	2	2005	80	14.1	5.8	0.123
2	2	2007	80	14.1	5.8	0.1295
2	2	2008	80	14.8	6.3	0.131
2	2	2009	80	15	6.5	0.138
2	2	2010	80	15.7	6.3	0.1435
2	2	2011	80	15.8	6.4	0.149
2	2	2012	80	16.3	6.7	0.1505
2	2	2013	80	16.6	6.8	0.152
2	2	2014	80	16.9	6	0.156
2	2	2015	80	17	6.1	0.159
2	2	2016	80	17.2	6.3	0.163
2	2	2018	80	17.8	5.7	0.168
2	2	2009	83	16.3	8.1	0.196
2	2	2010	83	17.1	8.7	0.2045
2	2	2011	83	17.1	8.7	0.21
2	2	2012	83	17.6	8.6	0.213
2	2	2013	83	17.8	8	0.216
2	2	2014	83	18	8.2	0.2195
2	2	2015	83	18.3	8.5	0.225
2	2	2016	83	18.5	8.7	0.226
2	2	2018	83	18.9	9.1	0.2305
2	3	2005	1	16.5	9.2	0.242
2	3	2007	1	16.5	8	0.248
2	3	2008	1	17	8.4	0.2505
2	3	2009	1	17.2	8.4	0.2595
2	3	2010	1	17.6	8.2	0.2615
2	3	2011	1	17.6	8.2	0.267
2	3	2012	1	17.9	8.1	0.2695
2	3	2013	1	18.6	8.8	0.2715
2	3	2014	1	19	9.2	0.2775
2	3	2007	2	14.4	6.6	0.1535
2	3	2008	2	15	7.2	0.155
2	3	2009	2	15.3	7.5	0.158
2	3	2010	2	15.7	7.9	0.164
2	3	2011	2	16	8.2	0.166
2	3	2012	2	16.3	7.2	0.17
2	3	2013	2	16.8	6.7	0.172
2	3	2014	2	17.2	6.9	0.176
2	3	2015	2	17.5	6.5	0.178
2	3	2016	2	18.1	7.1	0.1805
2	3	2018	2	18.4	7.2	0.185
2	3	2009	3	16	7.7	0.159
2	3	2010	3	16.4	6.3	0.1645
2	3	2011	3	16.4	6.3	0.17
2	3	2012	3	16.9	6.5	0.1755
2	3	2013	3	17.4	7	0.1785
2	3	2014	3	17.8	7.4	0.1835
2	3	2015	3	18.2	7.8	0.19
2	3	2016	3	18.5	8.1	0.193
2	3	2018	3	18.7	8.3	0.199
2	3	2005	4	16.7	8.3	0.1925
2	3	2007	4	17.2	8.8	0.199
2	3	2008	4	17.8	9.4	0.203
2	3	2009	4	17.9	9.5	0.208
2	3	2010	4	18.2	9.8	0.2145
2	3	2011	4	18.4	10	0.2205
2	3	2013	4	19.1	10	0.2275
2	3	2014	4	19.4	9.8	0.2325
2	3	2016	4	20	9.9	0.241
2	3	2009	9	15.6	7.9	0.2055
2	3	2005	10	13.2	6.7	0.1635
2	3	2007	10	13.3	5.7	0.166
2	3	2008	10	13.8	6.2	0.1685
2	3	2009	10	14.1	6.5	0.1715
2	3	2010	10	14.6	7	0.1785
2	3	2011	10	14.8	7.2	0.184
2	3	2012	10	15.5	7.5	0.19
2	3	2013	10	15.9	7.9	0.1915
2	3	2014	10	16.2	8.2	0.1985
2	3	2015	10	16.7	8.1	0.202
2	3	2016	10	17.1	8.5	0.2045
2	3	2018	10	17.7	8.3	0.213
2	3	2012	11	15.4	8.2	0.2215
2	3	2005	16	13	4.8	0.1455
2	3	2007	16	13.1	4.2	0.1505
2	3	2008	16	13.4	4.5	0.151
2	3	2009	16	13.5	4.6	0.1515
2	3	2010	16	13.9	4.5	0.1545
2	3	2011	16	14.1	4.7	0.1575
2	3	2012	16	15	4.8	0.159
2	3	2013	16	15.3	5.1	0.159
2	3	2014	16	15.3	5.1	0.161
2	3	2015	16	15.9	5.7	0.162
2	3	2016	16	16.3	6.1	0.162
2	3	2018	16	17.2	6.7	0.1635
2	3	2009	17	16.3	9.4	0.219
2	3	2012	17	17.5	8.6	0.231
2	3	2005	22	13.8	7.2	0.1505
2	3	2007	22	14.2	7.3	0.1575
2	3	2008	22	14.6	7.6	0.158
2	3	2009	22	14.7	7.7	0.162
2	3	2010	22	15.2	7.4	0.1685
2	3	2011	22	15.3	7.5	0.1725
2	3	2012	22	15.6	7.5	0.1785
2	3	2013	22	16.3	7.4	0.1795
2	3	2014	22	16.3	7.1	0.1835
2	3	2015	22	16.8	7.2	0.19
2	3	2016	22	17.1	7.5	0.1945
2	3	2018	22	17.5	7.6	0.2015
2	3	2010	23	16.8	9.5	0.211
2	3	2011	23	16.9	9.6	0.2165
2	3	2015	23	18.7	9.7	0.2375
2	3	2018	23	19.6	9.1	0.2495
2	3	2005	24	17.2	9.8	0.2185
2	3	2007	24	17.6	9.5	0.2275
2	3	2008	24	18.3	9.8	0.228
2	3	2010	24	19	10.7	0.2425
2	3	2011	24	19	10.7	0.251
2	3	2012	24	19.8	11.5	0.259
2	3	2013	24	20.1	11.3	0.265
2	3	2014	24	20.7	11.2	0.272
2	3	2015	24	21.1	11.6	0.2805
2	3	2016	24	21.4	11.9	0.2875
2	3	2018	24	21.7	11.2	0.3
2	3	2005	29	15.1	8.9	0.177
2	3	2007	29	15.1	7.9	0.185
2	3	2008	29	15.6	8.3	0.186
2	3	2009	29	15.8	8.5	0.189
2	3	2010	29	16	8.7	0.195
2	3	2011	29	16.3	9	0.2
2	3	2012	29	17	9.1	0.2025
2	3	2013	29	17.1	9.2	0.2045
2	3	2014	29	17.7	9	0.209
2	3	2015	29	17.9	9.2	0.212
2	3	2016	29	18.4	9.7	0.216
2	3	2018	29	18.9	9.1	0.2215
2	3	2009	30	14.9	8	0.1615
2	3	2010	30	15.4	8.5	0.169
2	3	2011	30	15.5	8.6	0.175
2	3	2012	30	16.2	7.9	0.1805
2	3	2013	30	16.4	7.5	0.182
2	3	2014	30	16.9	8	0.187
2	3	2015	30	17	7.1	0.1915
2	3	2016	30	17.3	7.4	0.195
2	3	2018	30	17.8	7.5	0.1995
2	3	2005	35	12.2	5.1	0.156
2	3	2018	37	17	5.6	0.168
2	3	2015	38	15.7	6.2	0.1425
2	3	2016	38	16	6.4	0.1445
2	3	2018	38	16.5	4.6	0.1495
2	3	2005	39	16	8.4	0.2225
2	3	2007	39	16.5	8.9	0.23
2	3	2008	39	16.9	9.3	0.232
2	3	2010	39	17.7	9.5	0.2475
2	3	2011	39	17.8	9.6	0.2575
2	3	2012	39	18	9.8	0.2625
2	3	2013	39	18.6	10	0.266
2	3	2014	39	18.9	10.3	0.2725
2	3	2015	39	19.3	10.3	0.277
2	3	2016	39	19.6	9.9	0.2815
2	3	2018	39	20.1	8.6	0.2885
2	3	2005	42	15.3	9.2	0.21
2	3	2007	42	15.3	9.2	0.2175
2	3	2008	42	15.6	9.5	0.219
2	3	2013	42	16.8	8.6	0.233
2	3	2014	42	16.9	8.7	0.2365
2	3	2015	42	17.5	8.9	0.239
2	3	2016	42	17.5	8.9	0.242
2	3	2018	42	17.7	9.1	0.245
2	3	2005	43	14.2	7.9	0.141
2	3	2007	43	14.8	8.5	0.147
2	3	2008	43	15.4	9.1	0.149
2	3	2009	43	15.8	9.5	0.153
2	3	2010	43	16.1	9.8	0.16
2	3	2011	43	16.3	10	0.1675
2	3	2012	43	16.8	8.8	0.1715
2	3	2013	43	17.4	9.1	0.1735
2	3	2014	43	17.6	9	0.1785
2	3	2015	43	18.1	9.5	0.187
2	3	2016	43	18.4	9.6	0.1885
2	3	2018	43	19	9	0.1955
2	3	2005	48	16.1	7.6	0.2195
2	3	2007	48	16.3	9.8	0.227
2	3	2008	48	16.7	10.2	0.228
2	3	2009	48	16.7	10.2	0.2345
2	3	2013	48	18.1	11.6	0.248
2	3	2014	48	18.3	11.8	0.253
2	3	2015	48	18.9	12.2	0.258
2	3	2016	48	19	12.3	0.2605
2	3	2018	48	19.8	11.3	0.27
2	3	2005	50	13.3	8.4	0.1675
2	3	2007	50	13.7	8.4	0.176
2	3	2008	50	14.1	8.8	0.18
2	3	2009	50	14.4	9.1	0.192
2	3	2010	50	14.9	9.6	0.197
2	3	2011	50	15	9.7	0.202
2	3	2012	50	15.4	8.8	0.207
2	3	2013	50	15.8	8.8	0.2085
2	3	2014	50	16.4	9.4	0.2145
2	3	2015	50	16.6	9.2	0.2205
2	3	2016	50	16.9	9.5	0.225
2	3	2018	50	17.4	9.3	0.235
2	3	2005	56	14.3	7.3	0.1665
2	3	2007	56	14.5	7.5	0.1745
2	3	2008	56	15.4	8.3	0.1755
2	3	2009	56	15.4	8.3	0.1785
2	3	2010	56	15.6	8.5	0.1855
2	3	2011	56	15.6	8.5	0.193
2	3	2012	56	16.1	8.3	0.1935
2	3	2013	56	16.6	8.6	0.195
2	3	2014	56	17	9	0.2005
2	3	2015	56	17.9	9.9	0.205
2	3	2016	56	17.9	9.9	0.2075
2	3	2018	56	18.2	9.3	0.216
2	3	2009	59	12.6	6.2	0.1475
2	3	2010	59	13.1	6.5	0.1525
2	3	2011	59	13.2	6.6	0.157
2	3	2012	59	13.8	7.2	0.159
2	3	2013	59	14	7.4	0.159
2	3	2014	59	14.1	7	0.1625
2	3	2015	59	14.7	7.6	0.166
2	3	2016	59	15	7.6	0.1675
2	3	2018	59	15.4	8	0.171
2	3	2005	62	12.1	5.5	0.1355
2	3	2007	62	12.4	5.8	0.1405
2	3	2008	62	13	6.4	0.1415
2	3	2009	62	13	6.4	0.1485
2	3	2010	62	13.4	6.8	0.1535
2	3	2011	62	13.5	6.9	0.159
2	3	2012	62	14	7.4	0.162
2	3	2013	62	14.4	7.5	0.1625
2	3	2014	62	14.7	7.8	0.1675
2	3	2015	62	14.9	8	0.1715
2	3	2016	62	15.1	8.2	0.176
2	3	2018	62	15.8	6.2	0.184
2	3	2005	68	10.9	5.3	0.093
2	3	2007	68	11.2	5.3	0.0975
2	3	2008	68	11.7	5.7	0.0975
2	3	2009	68	11.8	5.8	0.1015
2	3	2010	68	12.3	6.3	0.1055
2	3	2011	68	12.7	6.7	0.1085
2	3	2012	68	13.3	7.3	0.1105
2	3	2013	68	13.6	6.5	0.1115
2	3	2014	68	14.1	7	0.1145
2	3	2015	68	14.7	7	0.117
2	3	2016	68	14.9	6.3	0.12
2	3	2005	74	15.2	9.4	0.203
2	3	2007	74	15.4	9.6	0.2115
2	3	2008	74	16.1	10.3	0.213
2	3	2009	74	16.1	10.3	0.2185
2	3	2010	74	16.5	10.7	0.2275
2	3	2011	74	16.5	10.7	0.2375
2	3	2012	74	17.1	11.3	0.243
2	3	2005	80	13.5	6.9	0.172
2	3	2007	80	13.7	6.5	0.178
2	3	2008	80	14.3	6.9	0.178
2	3	2009	80	14.3	6.9	0.183
2	3	2010	80	14.6	7.2	0.1875
2	3	2011	80	14.7	7.3	0.1925
2	3	2012	80	15.3	7.4	0.1975
2	3	2013	80	15.6	7.7	0.198
2	3	2014	80	15.8	7.7	0.202
2	3	2015	80	15.9	7.8	0.2065
2	3	2016	80	16.4	8.3	0.2085
2	3	2018	80	16.7	8.6	0.2145
3	1	2009	1	16.1	6.8	0.155
3	1	2010	1	16.2	6.3	0.1585
3	1	2011	1	16.3	6.4	0.1595
3	1	2012	1	16.7	6.1	0.1605
3	1	2013	1	17.2	6.2	0.161
3	1	2014	1	17.5	6.2	0.163
3	1	2015	1	17.8	6.3	0.166
3	1	2016	1	18.1	6.6	0.167
3	1	2018	1	18.6	7.1	0.172
3	1	2005	3	16.3	8	0.181
3	1	2007	3	16.5	7.2	0.184
3	1	2008	3	16.7	6	0.185
3	1	2009	3	17.3	6.4	0.1855
3	1	2010	3	17.3	6.4	0.188
3	1	2011	3	17.3	6.4	0.191
3	1	2012	3	17.7	6.6	0.1915
3	1	2013	3	18.2	7.1	0.192
3	1	2014	3	18.5	7.4	0.194
3	1	2015	3	19	7.9	0.1975
3	1	2016	3	19	7.9	0.198
3	1	2018	3	19.2	7.2	0.2005
3	1	2005	9	14.1	6.7	0.1445
3	1	2007	9	14.4	6.6	0.1495
3	1	2008	9	14.8	7	0.151
3	1	2009	9	15.1	7.3	0.153
3	1	2010	9	15.2	7.4	0.1565
3	1	2011	9	15.2	7.4	0.158
3	1	2012	9	15.8	7.2	0.1595
3	1	2013	9	16.1	7.5	0.1615
3	1	2014	9	16.4	7.8	0.1645
3	1	2015	9	16.8	7.7	0.168
3	1	2016	9	16.8	7.7	0.169
3	1	2018	9	17.4	7.2	0.1725
3	1	2005	16	19.2	10	0.263
3	1	2007	16	18.8	9.6	0.2665
3	1	2008	16	19.2	9.3	0.2665
3	1	2005	17	16.4	7.8	0.1875
3	1	2007	17	16.4	7.8	0.191
3	1	2008	17	17	8.4	0.191
3	1	2009	17	17	8.4	0.193
3	1	2010	17	17.1	8	0.194
3	1	2011	17	17.1	8	0.1955
3	1	2012	17	17.7	8.6	0.1955
3	1	2013	17	17.8	8.4	0.1965
3	1	2014	17	18.1	8.7	0.1985
3	1	2015	17	18.3	8.9	0.2005
3	1	2016	17	18.4	8.5	0.201
3	1	2018	17	19.1	8.2	0.2015
3	1	2008	19	16.2	8.5	0.2765
3	1	2009	19	16.3	8.1	0.278
3	1	2010	19	16.3	8.1	0.2805
3	1	2011	19	16.3	8.1	0.2825
3	1	2012	19	16.5	8.3	0.2835
3	1	2013	19	16.6	8.4	0.2845
3	1	2014	19	17	8.8	0.286
3	1	2015	19	17.4	9	0.2905
3	1	2016	19	17.5	9.1	0.292
3	1	2018	19	17.8	9.2	0.295
3	1	2009	22	17.5	8.4	0.198
3	1	2010	22	17.6	8	0.202
3	1	2011	22	17.6	8	0.2045
3	1	2012	22	17.8	8.2	0.205
3	1	2013	22	17.9	8	0.209
3	1	2014	22	18.5	8.6	0.2125
3	1	2015	22	18.8	8.8	0.2155
3	1	2016	22	19	9	0.2175
3	1	2018	22	19.4	9.4	0.2225
3	1	2005	24	15.7	6.7	0.1735
3	1	2007	24	15.9	6.9	0.1775
3	1	2008	24	16.4	7.4	0.179
3	1	2009	24	16.8	7.3	0.18
3	1	2010	24	16.9	7.4	0.182
3	1	2011	24	17	7.5	0.1855
3	1	2012	24	17.7	7.6	0.1855
3	1	2013	24	18	7.9	0.186
3	1	2014	24	18.3	8.2	0.188
3	1	2015	24	18.9	8.8	0.191
3	1	2016	24	18.9	8.8	0.192
3	1	2018	24	19.3	9.2	0.1955
3	1	2005	30	15.2	8.9	0.1845
3	1	2007	30	15.2	7.8	0.1885
3	1	2008	30	15.6	8	0.189
3	1	2005	36	16.9	7.7	0.133
3	1	2007	36	17	7.8	0.138
3	1	2008	36	17.7	7.9	0.1385
3	1	2009	36	17.7	7.9	0.1415
3	1	2010	36	17.7	7	0.144
3	1	2011	36	17.7	7	0.145
3	1	2012	36	18.2	7.1	0.146
3	1	2013	36	18.3	7.2	0.149
3	1	2014	36	18.6	7.5	0.1505
3	1	2015	36	19	7.9	0.1535
3	1	2016	36	19	7.9	0.155
3	1	2018	36	19.7	8.6	0.1585
3	1	2010	41	16.3	7.2	0.1395
3	1	2011	41	16.3	7.2	0.1405
3	1	2012	41	16.9	7.8	0.1405
3	1	2013	41	17.1	7.7	0.141
3	1	2014	41	17.2	7.2	0.143
3	1	2015	41	17.6	7	0.146
3	1	2016	41	17.7	7.1	0.1465
3	1	2018	41	18	7	0.1485
3	1	2005	42	15.9	7.9	0.134
3	1	2007	42	16.1	8.1	0.138
3	1	2016	42	18.1	8.2	0.156
3	1	2018	42	18.2	7.8	0.1585
3	1	2005	43	16	10.5	0.217
3	1	2007	43	16.3	9.4	0.22
3	1	2008	43	16.6	9.7	0.222
3	1	2009	43	16.6	8.3	0.223
3	1	2011	43	16.5	9.6	0.2265
3	1	2012	43	17.3	8.3	0.227
3	1	2013	43	17.5	8.5	0.227
3	1	2014	43	18	9	0.2285
3	1	2015	43	18.2	9.2	0.23
3	1	2016	43	18.5	8.8	0.2305
3	1	2018	43	18.8	8.9	0.232
3	1	2009	44	15.1	4.7	0.125
3	1	2010	44	15.2	4.6	0.126
3	1	2011	44	15.2	4.6	0.127
3	1	2012	44	15.6	5	0.127
3	1	2013	44	15.7	5.1	0.127
3	1	2014	44	15.9	5.3	0.1285
3	1	2015	44	16.4	5.4	0.131
3	1	2016	44	16.5	5.5	0.1315
3	1	2018	44	16.8	5	0.1335
3	1	2005	45	15.3	9.2	0.221
3	1	2007	45	15.5	9.4	0.226
3	1	2005	49	13.1	7	0.152
3	1	2007	49	13.6	7.1	0.156
3	1	2008	49	13.8	7.3	0.157
3	1	2009	49	14.1	7.6	0.1575
3	1	2010	49	14.3	7.8	0.1615
3	1	2011	51	17.4	9.7	0.226
3	1	2014	51	18.5	12.1	0.232
3	1	2018	51	19	9.9	0.242
3	1	2005	55	14.6	7.2	0.1365
3	1	2007	55	14.9	7.5	0.1405
3	1	2008	55	15.4	6.7	0.1405
3	1	2009	55	15.5	6.8	0.143
3	1	2010	55	15.7	7	0.146
3	1	2011	55	15.7	7	0.1475
3	1	2012	55	16	6.7	0.1475
3	1	2013	55	16.4	7.1	0.1495
3	1	2014	55	16.6	7.3	0.152
3	1	2015	55	17.1	7.8	0.1565
3	1	2016	55	17.1	7.8	0.1565
3	1	2018	55	17.5	7.7	0.1595
3	1	2010	59	18.3	8.2	0.225
3	1	2011	59	18.4	8.3	0.2265
3	1	2012	59	19	8.7	0.228
3	1	2013	59	19.2	8.9	0.23
3	1	2015	59	19.6	9.1	0.2365
3	1	2016	59	20	7.6	0.238
3	1	2018	59	20.6	8.2	0.239
3	1	2005	61	16.6	9.6	0.1655
3	1	2007	61	17.3	10	0.1705
3	1	2008	61	17.5	10.2	0.172
3	1	2009	61	18.1	10.3	0.174
3	1	2010	61	18.2	10.4	0.177
3	1	2011	61	18.3	10.3	0.178
3	1	2012	61	19.1	11.1	0.18
3	1	2013	61	19.1	11.1	0.182
3	1	2014	61	19.2	10.6	0.184
3	1	2015	61	19.7	10.3	0.1875
3	1	2016	61	19.7	9.5	0.1885
3	1	2018	61	20.1	9.9	0.192
3	1	2009	67	12.5	5.3	0.1165
3	1	2005	68	17.9	10.1	0.2095
3	1	2007	68	18.3	8.4	0.2135
3	1	2008	68	18.4	8.5	0.2145
3	1	2009	68	18.6	8.7	0.2165
3	1	2010	68	18.8	8.9	0.2195
3	1	2011	68	18.8	8.9	0.2205
3	1	2012	68	19.2	8.9	0.2215
3	1	2013	68	19.3	9	0.2225
3	1	2014	68	19.6	9.3	0.226
3	1	2015	68	19.8	8.8	0.229
3	1	2016	68	19.8	8.8	0.23
3	1	2018	68	20.3	9.1	0.233
3	1	2005	74	16.7	7.8	0.203
3	1	2007	74	16.9	7.6	0.205
3	1	2008	74	17.3	7.7	0.2065
3	1	2009	74	17.3	7.7	0.207
3	1	2010	74	17.5	7.4	0.209
3	1	2011	74	17.5	7.4	0.212
3	1	2012	74	17.7	7.2	0.212
3	1	2013	74	18.2	7.5	0.212
3	1	2014	74	18.2	7.5	0.214
3	1	2015	74	18.4	7.7	0.2145
3	1	2005	76	18.1	8.9	0.248
3	1	2007	76	18.3	9.1	0.255
3	1	2008	76	18.5	8.6	0.2555
3	1	2005	81	15.1	8.8	0.155
3	1	2007	81	15.3	8.4	0.1585
3	1	2008	81	16	9.1	0.159
3	1	2009	81	16	9.1	0.16
3	1	2010	81	16.2	9.3	0.163
3	1	2011	81	16.2	9.3	0.1645
3	1	2012	81	16.9	9.5	0.1645
3	1	2013	81	17.1	9.7	0.1665
3	1	2014	81	17.3	9.2	0.1685
3	1	2015	81	17.8	9.2	0.1715
3	1	2016	81	17.8	9.2	0.172
3	1	2018	81	18.1	9.5	0.174
3	1	2005	82	18.5	11.4	0.227
3	1	2007	82	18.8	11.7	0.234
3	1	2008	82	19.1	11.5	0.236
3	1	2009	82	19.3	10.8	0.238
3	1	2010	82	19.6	11.1	0.242
3	1	2011	82	19.6	11.1	0.244
3	1	2012	82	19.9	11.4	0.246
3	1	2013	82	20.3	11.8	0.248
3	1	2014	82	20.5	12	0.253
3	1	2015	82	20.9	12.4	0.256
3	1	2016	82	20.9	12.4	0.258
3	1	2018	83	20.5	10.3	0.2365
3	1	2005	84	20.5	12.3	0.2495
3	1	2007	84	20.5	12	0.256
3	1	2008	84	20.7	11.4	0.2565
3	1	2009	84	20.7	11.4	0.2595
3	1	2010	84	21	11.7	0.2655
3	1	2011	84	21	11.7	0.2675
3	1	2012	84	21.3	11.5	0.2675
3	1	2013	84	21.4	11.6	0.269
3	1	2014	84	21.6	11.8	0.273
3	1	2015	84	21.9	11.9	0.2755
3	1	2016	84	21.9	11.9	0.2765
3	1	2018	84	22.4	12.4	0.281
3	1	2005	87	18.1	11.6	0.2145
3	1	2007	87	18.3	10.6	0.218
3	1	2008	87	19	11.3	0.219
3	1	2009	87	19	11.1	0.2215
3	1	2010	87	19.2	11.3	0.2235
3	1	2012	87	19.4	10.2	0.226
3	1	2013	87	20.2	11	0.2275
3	1	2014	87	20.2	10.1	0.229
3	1	2015	87	20.2	9.8	0.234
3	1	2016	87	20.5	10.1	0.2355
3	2	2009	1	15.9	9.4	0.21
3	2	2010	1	16	8.6	0.2115
3	2	2011	1	16	8.6	0.212
3	2	2012	1	16.4	9	0.213
3	2	2013	1	16.6	9.2	0.2145
3	2	2014	1	16.7	9.3	0.2145
3	2	2015	1	16.8	9.4	0.2165
3	2	2016	1	16.9	8.6	0.218
3	2	2018	1	17.4	7.2	0.219
3	2	2007	3	12.3	7.6	0.1335
3	2	2008	3	12.6	7.9	0.1335
3	2	2009	3	12.7	8	0.134
3	2	2010	3	12.9	8.2	0.1355
3	2	2005	4	15.6	8.2	0.14
3	2	2007	4	16	8.6	0.1445
3	2	2008	4	16.6	9.2	0.145
3	2	2009	4	16.6	7.3	0.147
3	2	2010	4	16.7	7.4	0.1495
3	2	2011	4	16.7	7.4	0.151
3	2	2012	4	17.1	7.8	0.1515
3	2	2013	4	17.4	8.1	0.1535
3	2	2014	4	17.5	7.4	0.154
3	2	2015	4	17.6	6	0.157
3	2	2016	4	17.7	6.1	0.157
3	2	2018	4	18.1	6.5	0.1595
3	2	2009	7	17.4	7.5	0.2305
3	2	2010	7	17.5	7.6	0.235
3	2	2011	7	17.5	7.6	0.2355
3	2	2012	7	17.7	7.8	0.236
3	2	2013	7	17.9	8	0.239
3	2	2005	12	17.9	8.8	0.183
3	2	2007	12	18	8.9	0.188
3	2	2008	12	18.5	9.4	0.1895
3	2	2009	12	18.6	8	0.193
3	2	2010	12	18.8	8.2	0.195
3	2	2011	12	18.9	8.3	0.199
3	2	2012	12	19.1	8.5	0.199
3	2	2013	12	19.3	8.7	0.2005
3	2	2014	12	19.5	8.6	0.2015
3	2	2015	12	19.7	8.5	0.204
3	2	2016	12	19.7	7.8	0.2045
3	2	2018	12	19.9	8	0.209
3	2	2014	13	18.6	8.4	0.2315
3	2	2016	13	18.7	8	0.2345
3	2	2005	20	16.3	7.8	0.1735
3	2	2007	20	16.6	8.1	0.177
3	2	2008	20	16.8	8.3	0.179
3	2	2009	20	16.9	8.4	0.18
3	2	2010	20	17.1	8	0.1835
3	2	2011	20	17.1	8	0.1845
3	2	2012	20	17.6	8.1	0.1845
3	2	2013	20	17.7	8.2	0.187
3	2	2014	20	17.8	7.9	0.187
3	2	2015	20	18.1	8.2	0.1885
3	2	2016	20	18.1	7.9	0.19
3	2	2018	20	18.6	7.5	0.192
3	2	2005	28	17.7	9	0.175
3	2	2007	28	17.8	8.5	0.1805
3	2	2008	28	18.5	9.2	0.1815
3	2	2009	28	18.5	9.2	0.1825
3	2	2010	28	18.7	8	0.1875
3	2	2011	28	18.8	8.1	0.1885
3	2	2012	28	19.2	8.5	0.189
3	2	2013	28	19.5	8.4	0.193
3	2	2014	28	19.7	8.4	0.193
3	2	2015	28	19.9	8.6	0.196
3	2	2016	28	20	7.4	0.196
3	2	2018	28	20.4	7.8	0.199
3	2	2011	31	15.4	6.5	0.1195
3	2	2012	31	15.9	6.7	0.12
3	2	2013	31	16.1	6.9	0.1205
3	2	2014	31	16.3	6.5	0.121
3	2	2015	31	16.4	6.6	0.122
3	2	2016	31	16.4	6.2	0.122
3	2	2018	31	16.9	6.2	0.1225
3	2	2005	32	18	9.4	0.2615
3	2	2007	32	18.2	9.6	0.2635
3	2	2008	32	18.4	9.3	0.265
3	2	2009	32	18.6	9.3	0.269
3	2	2010	32	18.6	7.9	0.272
3	2	2011	32	18.7	8	0.2735
3	2	2012	32	18.9	7.8	0.2735
3	2	2013	32	19	7.9	0.2775
3	2	2005	37	16.4	8.6	0.169
3	2	2007	37	16.4	8.2	0.173
3	2	2008	37	16.7	8.5	0.173
3	2	2009	37	16.9	7.9	0.176
3	2	2010	37	17.2	7.6	0.1775
3	2	2011	37	17.2	7.6	0.179
3	2	2012	37	17.4	7.8	0.179
3	2	2013	37	17.5	7.9	0.18
3	2	2014	37	17.6	8	0.18
3	2	2015	37	17.9	8.3	0.1825
3	2	2016	37	18	8.4	0.183
3	2	2018	37	18.3	8.7	0.1855
3	2	2005	45	18.1	7.9	0.195
3	2	2005	54	18	9.1	0.2
3	2	2007	54	18.2	9.3	0.203
3	2	2008	54	18.5	9	0.2055
3	2	2009	54	18.8	8.9	0.207
3	2	2010	54	18.9	8.6	0.21
3	2	2011	54	18.9	8.6	0.211
3	2	2012	54	19.1	7.7	0.211
3	2	2013	54	19.4	8	0.215
3	2	2014	54	19.6	7.1	0.2165
3	2	2015	54	19.7	7.1	0.2195
3	2	2016	54	19.7	7.1	0.2205
3	2	2018	54	20.1	7.5	0.224
3	2	2009	58	15.8	7.9	0.154
3	2	2010	58	16.1	6.4	0.156
3	2	2011	58	16.1	6.4	0.1575
3	2	2012	58	16.6	6.9	0.159
3	2	2013	58	16.9	6.9	0.16
3	2	2014	58	17.3	7.3	0.1615
3	2	2015	58	17.6	7.6	0.165
3	2	2016	58	17.6	6.8	0.165
3	2	2018	58	18	7.2	0.1665
3	2	2012	59	17.2	8	0.159
3	2	2013	59	17.3	8.1	0.1615
3	2	2014	59	17.6	8.4	0.1625
3	2	2015	59	18	8.8	0.164
3	2	2016	59	18	8.8	0.165
3	2	2018	59	18.4	8.7	0.168
3	2	2005	60	16	8.6	0.2365
3	2	2007	60	16.2	8.3	0.241
3	2	2008	60	16.6	8.3	0.242
3	2	2009	60	16.6	8	0.2435
3	2	2010	60	16.6	7.7	0.246
3	2	2011	60	16.6	7.7	0.2465
3	2	2012	60	17	7.5	0.2465
3	2	2013	60	17.1	7.6	0.251
3	2	2015	60	17.7	8.4	0.2525
3	2	2016	60	17.8	8.5	0.2535
3	2	2018	60	18	8.4	0.255
3	2	2005	63	14.6	6.7	0.1605
3	2	2007	63	15.1	7.2	0.164
3	2	2008	63	15.6	7.7	0.1655
3	2	2009	63	15.9	8	0.167
3	2	2010	63	16	6.8	0.17
3	2	2011	63	16	6.8	0.171
3	2	2012	63	16.3	7.1	0.1715
3	2	2013	63	16.6	6.8	0.1755
3	2	2014	63	16.7	6.6	0.1755
3	2	2015	63	17.1	6.7	0.1785
3	2	2016	63	17.1	6.7	0.179
3	2	2018	63	17.7	7.3	0.1805
3	2	2005	66	16.9	7.7	0.2415
3	2	2007	66	16.9	7.7	0.244
3	2	2008	66	17.3	8.1	0.244
3	2	2014	66	18	7.5	0.2545
3	2	2015	66	18.4	7.9	0.256
3	2	2016	66	18.4	7.9	0.2575
3	2	2018	66	18.8	8.2	0.26
3	2	2015	67	18.8	9.4	0.234
3	2	2005	72	15.5	7.1	0.1435
3	2	2007	72	15.5	6.9	0.1465
3	2	2008	72	15.9	7.3	0.147
3	2	2009	72	15.9	6.4	0.147
3	2	2010	72	15.9	6	0.1485
3	2	2011	72	16	6.1	0.1485
3	2	2005	80	12.5	6.4	0.108
3	2	2007	80	12.7	6.6	0.1105
3	2	2008	80	13.1	7	0.1105
3	2	2009	80	13.2	7.1	0.1105
3	2	2010	80	13.3	5.7	0.113
3	2	2011	85	19.1	9.1	0.204
3	2	2012	85	19.5	9.5	0.204
3	2	2013	85	19.7	9.4	0.206
3	2	2014	85	19.9	9.6	0.2065
3	2	2015	85	20.3	10	0.209
3	2	2016	85	20.3	10	0.21
3	2	2018	85	20.9	9.6	0.214
3	2	2014	86	19.9	8.1	0.2435
3	2	2015	86	20.4	8.6	0.245
3	2	2016	86	20.4	8.6	0.246
3	2	2018	86	20.6	8.8	0.252
3	2	2005	88	19.1	10.1	0.2
3	2	2007	88	19.6	10.3	0.203
3	2	2008	88	19.6	10.3	0.204
3	2	2009	88	19.9	10.6	0.2055
3	2	2010	88	20.3	11	0.208
3	2	2011	88	20.3	11	0.212
3	2	2012	88	20.6	11.3	0.212
3	2	2013	88	21	10.9	0.215
3	2	2014	88	21.4	10.7	0.2175
3	2	2015	88	21.8	10.8	0.2185
3	2	2016	88	21.8	10.8	0.219
3	2	2018	88	22.3	10.3	0.2235
3	2	2009	90	19.5	7	0.226
3	2	2010	90	19.6	7.1	0.228
3	2	2011	90	19.7	7.2	0.2305
3	2	2012	90	19.9	7	0.2305
3	2	2013	90	20.1	7.2	0.233
3	2	2016	90	20.8	7.6	0.2375
3	2	2018	92	20.6	8.6	0.2375
3	2	2005	96	15.9	7.2	0.1765
3	2	2007	96	16.1	7.4	0.18
3	2	2008	96	16.8	8	0.1805
3	2	2009	96	17.1	6.9	0.181
3	2	2010	96	17.3	7.1	0.1835
3	2	2011	96	17.3	7.1	0.187
3	2	2012	96	17.7	7.2	0.187
3	2	2013	96	17.8	7.3	0.188
3	2	2014	96	17.9	7.4	0.189
3	2	2015	96	18.4	7.9	0.1915
3	2	2016	96	18.4	7.9	0.192
3	2	2018	96	18.9	7.5	0.194
3	2	2005	104	15	5.9	0.1445
3	2	2007	104	15.3	6.2	0.1455
3	2	2008	104	15.5	6.4	0.1465
3	2	2009	104	15.9	6.1	0.1465
3	2	2010	104	15.9	6.1	0.1475
3	2	2011	104	16	6.2	0.15
3	2	2012	104	16.4	6.2	0.15
3	2	2013	104	16.6	6.4	0.15
3	2	2014	104	16.9	6.4	0.1505
3	2	2015	104	17.1	6.1	0.152
3	2	2016	104	17.3	6.3	0.152
3	2	2018	104	17.8	6	0.153
3	2	2005	111	18.7	8.3	0.229
3	2	2007	111	18.9	8.5	0.234
3	2	2008	111	19.4	9	0.2345
3	2	2010	111	19.9	9.3	0.2395
3	2	2011	111	19.9	9.3	0.243
3	2	2012	111	20.1	9.2	0.2435
3	2	2014	111	20.6	9.2	0.2495
3	2	2014	112	20.1	8.9	0.2355
3	2	2015	112	20.3	8.8	0.2375
3	2	2018	112	20.4	9.3	0.2435
3	2	2005	113	18.8	9.8	0.2295
3	2	2007	113	18.8	9.8	0.2335
3	2	2008	113	19.3	10.3	0.2335
3	2	2009	113	19.3	10.3	0.237
3	2	2013	113	19.5	8.8	0.2475
3	3	2009	1	15.3	6.7	0.1705
3	3	2010	1	15.5	6.9	0.1715
3	3	2011	1	15.5	6.9	0.172
3	3	2012	1	15.8	6.6	0.172
3	3	2013	1	16.1	6.9	0.175
3	3	2014	1	16.3	7.1	0.175
3	3	2015	1	16.5	7.3	0.1765
3	3	2016	1	16.7	7.5	0.1765
3	3	2018	1	17	7.8	0.1775
3	3	2011	2	16.6	9.5	0.242
3	3	2012	2	17	9.6	0.2435
3	3	2007	3	17.5	7.1	0.195
3	3	2008	3	17.7	7.3	0.1955
3	3	2009	3	18	7.6	0.198
3	3	2010	3	18.1	7.5	0.2005
3	3	2011	3	18.1	7.5	0.2035
3	3	2012	3	18.5	7.9	0.204
3	3	2013	3	18.7	8.1	0.2075
3	3	2014	3	19.1	8.5	0.2085
3	3	2015	3	19.2	7.8	0.2105
3	3	2016	3	19.4	8	0.2115
3	3	2018	3	19.6	8.2	0.2145
3	3	2005	4	16.2	5.6	0.197
3	3	2007	4	16.4	5.8	0.1985
3	3	2008	4	16.8	6.2	0.199
3	3	2009	4	17	6.2	0.2005
3	3	2010	4	17.1	6.3	0.2035
3	3	2011	4	17.1	6.3	0.204
3	3	2012	4	17.5	6.1	0.204
3	3	2013	4	17.7	6.3	0.207
3	3	2014	4	18.1	6.4	0.208
3	3	2015	4	18.4	6.7	0.21
3	3	2016	4	18.6	6.9	0.2115
3	3	2018	4	19	7.3	0.214
3	3	2005	7	18.6	10.7	0.2745
3	3	2007	7	18.9	11	0.2775
3	3	2008	7	19.1	11.2	0.2795
3	3	2009	7	19.3	11.4	0.2805
3	3	2010	7	19.4	11.5	0.283
3	3	2011	7	19.4	11.5	0.2845
3	3	2012	7	19.6	11.7	0.286
3	3	2013	7	19.7	11.8	0.29
3	3	2014	7	20.1	12.2	0.2915
3	3	2015	7	20.5	12.3	0.293
3	3	2016	7	20.5	12.3	0.2935
3	3	2018	7	20.8	12.6	0.297
3	3	2005	13	18.3	8.8	0.201
3	3	2007	13	18.3	8.8	0.205
3	3	2008	13	18.8	9.3	0.206
3	3	2009	13	18.9	9.4	0.21
3	3	2010	13	19	9.5	0.212
3	3	2011	13	19	9.5	0.2145
3	3	2012	13	19.2	9.7	0.2155
3	3	2013	13	19.4	9.9	0.217
3	3	2014	13	19.7	10.2	0.219
3	3	2015	13	20.1	10.6	0.2225
3	3	2016	13	20.1	10.6	0.2225
3	3	2018	13	20.6	11.1	0.226
3	3	2009	19	18.2	7.4	0.24
3	3	2010	19	18.3	7.5	0.243
3	3	2011	19	18.3	7.5	0.2465
3	3	2012	19	18.6	7.8	0.2465
3	3	2013	19	18.7	7.9	0.248
3	3	2015	19	19.2	8.5	0.253
3	3	2016	19	19.3	8.6	0.254
3	3	2018	19	19.7	8.4	0.254
3	3	2005	21	18.3	10.1	0.2415
3	3	2007	21	18.4	9.7	0.244
3	3	2008	21	18.8	9.1	0.2445
3	3	2009	21	18.9	9.2	0.2475
3	3	2012	21	18.9	7.8	0.2525
3	3	2013	21	19.1	8	0.254
3	3	2014	21	19.2	8.1	0.2555
3	3	2015	21	19.6	8.3	0.2575
3	3	2016	21	20.1	8.8	0.2575
3	3	2018	21	20.6	8.4	0.2605
3	3	2005	30	15.9	5.4	0.1815
3	3	2007	30	16	5.5	0.1835
3	3	2008	30	16.2	5.7	0.1835
3	3	2009	30	16.2	5.7	0.184
3	3	2010	30	16.2	5.2	0.186
3	3	2011	30	16.2	5.2	0.187
3	3	2012	30	16.5	5.5	0.187
3	3	2013	30	16.6	5.6	0.1875
3	3	2014	30	16.9	5.9	0.189
3	3	2015	30	17.4	6.1	0.1895
3	3	2016	30	17.4	6.1	0.1895
3	3	2018	30	17.5	6.2	0.1905
3	3	2009	36	14.5	6.5	0.1335
3	3	2010	36	14.6	5.6	0.1365
3	3	2011	36	14.6	5.6	0.139
3	3	2012	36	15	5.7	0.139
3	3	2013	36	15.2	5.9	0.141
3	3	2014	36	15.6	6.3	0.1415
3	3	2015	36	16	6.7	0.1445
3	3	2016	36	16.3	7	0.145
3	3	2018	36	16.6	7.1	0.1475
3	3	2005	38	13.5	4.9	0.1275
3	3	2007	38	14.1	4.7	0.1315
3	3	2008	38	14.1	4.7	0.132
3	3	2009	38	14.2	4.8	0.133
3	3	2010	38	14.3	4.6	0.1355
3	3	2011	38	14.3	4.6	0.1365
3	3	2012	38	14.5	4.3	0.137
3	3	2013	38	14.8	3.8	0.1395
3	3	2014	38	15.1	4.1	0.1395
3	3	2015	38	15.4	4.4	0.142
3	3	2016	38	15.5	4.5	0.1425
3	3	2018	38	15.9	4.9	0.144
3	3	2014	40	18.8	8.6	0.2495
3	3	2015	40	19.1	8.9	0.2515
3	3	2018	40	19.9	9.2	0.2575
3	3	2005	42	18.3	12.5	0.267
3	3	2007	42	18.4	12.6	0.269
3	3	2008	42	18.8	13	0.27
3	3	2011	42	18.7	13.1	0.276
3	3	2014	42	19.7	13.2	0.2805
3	3	2005	47	17.3	7.9	0.1745
3	3	2007	47	17.8	8.1	0.181
3	3	2005	52	13.7	5.3	0.145
3	3	2007	52	13.9	5.3	0.149
3	3	2008	52	14.2	5.4	0.1495
3	3	2009	52	14.6	5.4	0.1505
3	3	2010	52	14.8	5.6	0.1535
3	3	2011	52	14.8	5.6	0.155
3	3	2012	52	15.1	5	0.155
3	3	2013	52	15.3	5.2	0.156
3	3	2014	52	15.5	5.2	0.1575
3	3	2015	52	15.9	5.6	0.16
3	3	2016	52	16.2	5.9	0.16
3	3	2018	52	16.7	6.1	0.163
3	3	2005	55	16	9.1	0.19
3	3	2007	55	16.2	9.3	0.1945
3	3	2008	55	16.7	9	0.1945
3	3	2009	55	16.8	8.8	0.195
3	3	2010	55	16.8	8.8	0.199
3	3	2011	55	16.9	8.1	0.201
3	3	2012	55	16.9	8.1	0.201
3	3	2013	55	17.2	8	0.205
3	3	2014	55	17.3	8.1	0.2055
3	3	2015	55	17.8	8.2	0.207
3	3	2016	55	18	8.4	0.208
3	3	2018	55	18.4	8.8	0.2105
3	3	2005	63	14.6	8.3	0.1425
3	3	2007	63	14.9	8.6	0.1465
3	3	2008	63	15	7	0.148
3	3	2009	63	15.3	7.3	0.15
3	3	2010	63	15.3	7.3	0.154
3	3	2011	63	15.3	7.3	0.1555
3	3	2012	63	15.7	7.7	0.156
3	3	2013	63	15.9	7.9	0.1595
3	3	2014	63	16.2	8.2	0.16
3	3	2015	63	16.6	7.3	0.1635
3	3	2016	63	16.7	7.4	0.1645
3	3	2018	63	16.9	6.9	0.1685
3	3	2009	69	17	6.8	0.188
3	3	2010	69	17.2	7	0.1905
3	3	2011	69	17.2	7	0.1925
3	3	2012	69	17.4	7.2	0.1925
3	3	2013	69	17.6	7.4	0.1955
3	3	2014	69	17.9	7.7	0.196
3	3	2015	69	18.3	8.1	0.1975
3	3	2016	69	18.7	8.5	0.1985
3	3	2018	69	19.3	8.5	0.203
3	3	2005	71	15.1	6.8	0.136
3	3	2007	71	15.4	7.1	0.139
3	3	2008	71	15.7	7.1	0.139
3	3	2009	71	15.9	7.3	0.14
3	3	2010	71	16.2	6.6	0.1415
3	3	2011	71	16.2	6.6	0.1435
3	3	2012	71	16.5	6.9	0.1435
3	3	2013	71	16.8	7.2	0.144
3	3	2014	71	16.8	6.8	0.145
3	3	2015	71	17.2	6.9	0.147
3	3	2016	71	17.2	6.9	0.147
3	3	2018	71	17.6	6.2	0.148
3	3	2005	75	16.8	7.1	0.266
3	3	2007	75	16.9	7.2	0.2675
3	3	2008	75	17.2	7.1	0.27
3	3	2009	75	17.2	7.1	0.27
3	3	2010	75	17.3	7.2	0.272
3	3	2012	75	17.5	7.5	0.276
3	3	2013	75	17.6	7.6	0.2795
3	3	2015	75	18.2	8.1	0.282
3	3	2016	75	18.6	8.5	0.283
3	3	2005	80	16.9	7.2	0.2425
3	3	2008	80	17.2	8.9	0.2445
3	3	2010	80	17.2	9	0.2485
3	3	2011	80	17.3	9.1	0.251
3	3	2005	81	14.9	5.8	0.1465
3	3	2007	81	15.4	5.4	0.1475
3	3	2008	81	15.4	5.4	0.1485
3	3	2009	81	15.9	5.9	0.1485
3	3	2010	81	16	6	0.15
3	3	2011	81	16	6	0.152
3	3	2012	81	16.5	5.8	0.152
3	3	2013	81	16.7	5.8	0.1525
3	3	2014	81	17.1	5.9	0.1535
3	3	2015	81	17.4	6.2	0.156
3	3	2016	81	17.6	6.4	0.156
3	3	2018	81	18	6.8	0.1585
3	3	2005	89	17.6	6.9	0.175
3	3	2007	89	17.6	6.9	0.181
3	3	2008	89	18.3	7.6	0.181
3	3	2009	89	18.4	7.7	0.182
3	3	2010	89	19	8.3	0.1845
3	3	2011	89	19	8.3	0.187
3	3	2012	89	19	8	0.1875
3	3	2013	89	19.2	8	0.1895
3	3	2014	89	19.6	8.4	0.1915
3	3	2015	89	19.7	7.7	0.195
3	3	2016	89	20.3	8.3	0.1955
3	3	2018	89	20.7	8.7	0.197
3	3	2009	91	20.7	13.4	0.238
3	3	2010	91	20.9	10.1	0.2415
3	3	2013	91	21.2	11.9	0.2465
3	3	2014	91	21.6	12.3	0.2475
3	3	2016	91	22	12.5	0.253
3	3	2005	97	13.8	5.5	0.1195
3	3	2007	97	14	5.7	0.122
3	3	2008	97	14.3	6	0.122
3	3	2009	97	14.5	6.2	0.1225
3	3	2010	97	14.6	6.3	0.124
3	3	2011	97	14.6	6.3	0.124
3	3	2012	97	14.8	5.8	0.124
3	3	2013	97	14.8	5.2	0.1255
3	3	2014	97	15	5.4	0.126
3	3	2015	97	15.3	5	0.1275
3	3	2016	97	15.3	5	0.1275
3	3	2018	97	15.6	5.3	0.129
3	3	2005	99	20.4	12.6	0.26
3	3	2007	99	20.7	12.5	0.2645
3	3	2008	99	20.8	12.6	0.2655
3	3	2018	99	22.8	11.5	0.2855
3	3	2009	104	16.6	6.5	0.1475
3	3	2010	104	16.7	6.6	0.1495
3	3	2011	104	16.7	6.4	0.1515
3	3	2012	104	17.2	5.2	0.1515
3	3	2013	104	17.2	5.2	0.1515
3	3	2014	104	17.5	4.9	0.1515
3	3	2015	104	17.9	5.1	0.1515
3	3	2016	104	18	5.2	0.1515
3	3	2018	104	18.2	5.4	0.1525
