Snr	year	age	wid	wid.e	wid.l	wg	wg.mn	wg.mx	wg.e	wg.l	trt	bg
1	1945	1	2.865	1.54	1.325	0.608020391	0.52102568	0.7288999095	0.584094497	0.65581713	F	2
1	1946	2	0.905	0.525	0.38	0.631275503	0.491833308	0.823706426	0.535750078	0.7615851955	F	2
1	1947	3	0.695	0.505	0.19	0.581480119	0.4954738515	0.7398157815	0.544383694	0.681956903	F	2
1	1948	4	0.88	0.7	0.18	0.5335435395	0.4371171475	0.8127429585	0.4791553065	0.7480250985	F	2
1	1949	5	0.345	0.2	0.145	0.641153875	0.590281337	0.71792037	0.616278592	0.6791548085	F	2
1	1950	6	0.61	0.41	0.2	0.559013762	0.455344004	0.7507351255	0.502413174	0.675312173	F	2
1	1951	7	0.495	0.305	0.19	0.5278490875	0.4261656715	0.6850870845	0.466807553	0.6258873535	F	2
1	1952	8	0.325	0.185	0.14	0.5489550595	0.45898425	0.659555828	0.49448186	0.624075727	F	2
1	1953	9	0.655	0.38	0.275	0.626485979	0.5063896395	0.8017723465	0.5501890055	0.734136643	F	2
1	1954	10	0.72	0.39	0.33	0.6289388205	0.40427598	0.90387183	0.482739566	0.8038317025	F	2
1	1955	11	0.895	0.61	0.285	0.609883364	0.448030236	0.91844575	0.514364097	0.8084557435	F	2
1	1956	12	0.895	0.58	0.315	0.6830857595	0.491783816	1.0424171515	0.554553739	0.9187272265	F	2
1	1957	13	0.955	0.755	0.2	0.634781387	0.5027170845	1.0314618835	0.567508298	0.8898899735	F	2
1	1958	14	0.605	0.43	0.175	0.592905413	0.4334262355	0.99498689	0.48795428	0.850949502	F	2
1	1959	15	0.545	0.395	0.15	0.5627965495	0.3459062965	1.042382468	0.443775218	0.8758653845	F	2
1	1960	16	0.485	0.35	0.135	0.5262100125	0.3604894385	0.9293346105	0.4459228835	0.736882746	F	2
1	1961	17	0.47	0.33	0.14	0.583137519	0.396951236	0.929328073	0.508290036	0.757981348	F	2
1	1962	18	0.51	0.37	0.14	0.5444877995	0.367776953	1.060590648	0.4290558835	0.8428164695	F	2
1	1963	19	0.745	0.49	0.255	0.6106151405	0.371420721	1.097043194	0.4610688665	0.899317588	F	2
1	1964	20	0.53	0.38	0.15	0.53301366	0.3531844895	1.056922323	0.415997735	0.829826788	F	2
1	1965	21	0.595	0.42	0.175	0.5219079475	0.320364644	1.0386823845	0.3923613145	0.82719722	F	2
1	1966	22	0.64	0.45	0.19	0.5690575345	0.3203618835	1.118888647	0.4147402005	0.9357891635	F	2
1	1967	23	0.655	0.46	0.195	0.562472268	0.3385897705	1.0204290335	0.4290683235	0.876143312	F	2
1	1968	24	0.685	0.505	0.18	0.5511458955	0.3531708995	1.1006353275	0.431460008	0.886523169	F	2
1	1969	25	0.605	0.455	0.15	0.483656066	0.327644344	0.973009364	0.3872664055	0.780674697	F	2
1	1970	26	0.485	0.345	0.14	0.5325038865	0.349517829	1.045922897	0.40849585	0.8417033115	F	2
1	1971	27	0.785	0.62	0.165	0.501253406	0.309407532	1.0714341415	0.4001836695	0.8796666255	F	2
1	1972	28	0.94	0.75	0.19	0.488700403	0.291172807	1.155277727	0.358049101	1.004432921	F	2
1	1973	29	1.055	0.84	0.215	0.5004358215	0.3021070345	1.064109293	0.393000507	0.9192252495	F	2
1	1974	30	1.25	0.945	0.305	0.525935528	0.309393813	1.12242372	0.3844008905	0.9603154715	F	2
1	1975	31	1.185	0.85	0.335	0.5596543005	0.3239708035	1.093236222	0.4096225665	0.9405691555	F	2
1	1976	32	1.015	0.775	0.24	0.557612739	0.3421948045	1.151551331	0.4318579625	0.9653115545	F	2
1	1977	33	0.73	0.525	0.205	0.521100178	0.3203148515	0.9911265465	0.3877080015	0.8634477635	F	2
1	1978	34	0.815	0.62	0.195	0.5445418945	0.3203114425	1.096838759	0.415748544	0.9522877265	F	2
1	1979	35	0.91	0.65	0.26	0.5823378565	0.3239526475	1.1442166425	0.420814565	0.986146084	F	2
1	1980	36	0.775	0.525	0.25	0.631290878	0.3348857265	1.1514946425	0.439382572	1.0339476555	F	2
1	1981	37	0.52	0.37	0.15	0.595359807	0.374982821	1.049409894	0.4584023425	0.9331976645	F	2
1	1982	38	0.53	0.33	0.2	0.64166155	0.3603976755	1.074919691	0.464217159	0.936340903	F	2
1	1983	39	0.295	0.205	0.09	0.573738099	0.400494275	0.8999332845	0.490360759	0.8231946555	F	2
1	1984	40	0.245	0.165	0.08	0.551473194	0.3932022105	0.925447217	0.4650489635	0.819462792	F	2
1	1985	41	0.35	0.225	0.125	0.6194307105	0.353101229	1.027512318	0.4651661855	0.891789006	F	2
1	1986	42	0.705	0.375	0.33	0.7316224735	0.418716013	1.063955756	0.525811387	0.9613316055	F	2
1	1987	43	0.67	0.5	0.17	0.5826570565	0.353094636	1.089462616	0.4572367215	0.9529127345	F	2
1	1988	44	0.56	0.42	0.14	0.534726546	0.342154613	1.0311259555	0.421770575	0.8724360555	F	2
1	1989	45	0.76	0.545	0.215	0.617619369	0.3421518165	1.165991755	0.4635338905	1.0182790115	F	2
1	1990	46	1.09	0.64	0.45	0.7494721135	0.4223443345	1.144102306	0.5723806435	1.0019815515	F	2
1	1991	47	0.855	0.625	0.23	0.5770813	0.3202701795	1.1623116915	0.407024688	1.034826393	F	2
1	1992	48	0.865	0.57	0.295	0.6335318475	0.382234866	1.0201351555	0.4860767885	0.91997775	F	2
1	1993	49	1.15	0.83	0.32	0.609908336	0.3567135635	1.08937388	0.469450689	0.9721602935	F	2
1	1994	50	1.165	0.855	0.31	0.6047939815	0.342126009	1.1695449275	0.4493653925	1.0399105255	F	2
1	1995	51	1.21	0.95	0.26	0.5405135295	0.2837999925	1.1476530195	0.4105164545	1.0155237225	F	2
1	1996	52	1.04	0.855	0.185	0.5159638305	0.3129532405	1.1403446645	0.401485704	1.044909168	F	2
1	1997	53	0.985	0.72	0.265	0.5409732725	0.312949818	1.05285132	0.383982211	0.967762484	F	2
1	1998	54	1.215	0.97	0.245	0.5125549525	0.312943447	1.0892789405	0.392809752	0.986605617	F	2
1	1999	55	1.35	0.965	0.385	0.580251278	0.2983599085	1.151215485	0.388595232	1.0580970305	F	2
1	2000	56	1.325	0.96	0.365	0.563485075	0.389469416	0.921580473	0.4675107135	0.827396752	F	2
1	2001	57	1.79	1.29	0.5	0.557277197	0.309280234	1.049115644	0.417222865	0.9358760715	F	2
1	2002	58	2.315	1.515	0.8	0.6513779585	0.345716404	1.154765291	0.4543502685	1.0311800115	F	2
1	2003	59	1.935	1.25	0.685	0.627489967	0.331125667	1.1219348865	0.4239788475	1.0076649255	F	2
1	2004	60	2.315	1.685	0.63	0.5906571165	0.323826396	1.136470808	0.4244271445	1.03724461	F	2
1	2005	61	1.6	1.16	0.44	0.584870251	0.3238173705	1.165592986	0.401551679	1.0645604825	F	2
1	2006	62	1.57	1.295	0.275	0.527018832	0.342030018	1.161918148	0.4267820535	1.003930082	F	2
1	2007	63	1.46	1.08	0.38	0.5550865065	0.291006272	1.1436746685	0.391030456	1.020791353	F	2
1	2008	64	1.3	0.97	0.33	0.5367665715	0.3165052275	1.056197997	0.391227699	0.9638172785	F	2
1	2009	65	1.46	1.16	0.3	0.481256327	0.265485725	1.0525305635	0.358142748	0.946219775	F	2
1	2010	66	1.86	1.33	0.53	0.5150787045	0.276411797	1.067079112	0.360233426	0.894213668	F	2
1	2011	67	2.505	1.725	0.78	0.495586534	0.254542392	0.9540890225	0.341869958	0.838337912	F	2
1	2012	68	2.21	1.72	0.49	0.462090263	0.272749452	1.0050618075	0.344130292	0.8829104835	F	2
1	2013	69	2.02	1.165	0.855	0.622771241	0.2909578625	1.0596808635	0.3715936485	0.9673561015	F	2
1	2014	70	2.89	2.155	0.735	0.4808450685	0.294591527	0.9284818685	0.3743820415	0.7937726115	F	2
1	2015	71	2.31	2.025	0.285	0.4494427165	0.3091481215	1.0377325365	0.383832192	0.919441033	F	2
1	2016	72	2.305	1.715	0.59	0.5128324885	0.2909218375	1.026770269	0.3806770785	0.8881890025	F	2
1	2017	73	1.955	1.415	0.54	0.5621764145	0.32370022	1.0230954105	0.4208196605	0.909127412	F	2
1	2018	74	1.31	1.015	0.295	0.5133601215	0.2981913065	1.0922829745	0.389777307	0.932339231	F	2
2	1952	1	1.775	1.075	0.7	0.4280586265	0.2644703475	0.6092311955	0.352189252	0.5418470995	F	2
2	1953	2	1.365	0.535	0.83	0.5529456515	0.42048694	0.696251153	0.472551649	0.6147562705	F	2
2	1954	3	1.35	1.145	0.205	0.516634206	0.4313181985	0.7941380015	0.4817554045	0.711321922	F	2
2	1955	4	1.18	0.76	0.42	0.560620446	0.3986130665	0.866619372	0.461428682	0.7396698865	F	2
2	1956	5	1.355	1.105	0.25	0.4973751275	0.405820245	0.772187863	0.4604857935	0.6592340865	F	2
2	1957	6	0.73	0.535	0.195	0.556389088	0.394900548	0.870087389	0.4894377615	0.740355867	F	2
2	1958	7	0.77	0.5	0.27	0.533494511	0.3114438465	0.9280607925	0.413001214	0.766750126	F	2
2	1959	8	0.695	0.49	0.205	0.541345673	0.354950262	0.9461412115	0.441065292	0.772188056	F	2
2	1960	9	0.595	0.335	0.26	0.61142441	0.3440530155	1.011380958	0.436779506	0.83464118	F	2
2	1961	10	0.82	0.485	0.335	0.6176147575	0.329527339	1.05120851	0.4444529125	0.866335906	F	2
2	1962	11	0.765	0.575	0.19	0.4600872385	0.296864218	0.913328383	0.364998565	0.747322962	F	2
2	1963	12	1.155	0.71	0.445	0.6049716885	0.3186020565	1.0655275065	0.4129192925	0.9011046315	F	2
2	1964	13	1.7	1.17	0.53	0.5079184905	0.3185650435	0.8949807245	0.3881355155	0.7474051665	F	2
2	1965	14	1.625	1.15	0.475	0.4802396425	0.2822591255	0.9129727535	0.3557129065	0.774199606	F	2
2	1966	15	1.275	0.875	0.4	0.5383655565	0.278598355	1.086840748	0.3637146525	0.9188974345	F	2
2	1967	16	1.275	0.9	0.375	0.541478447	0.303935414	1.032371182	0.3982081225	0.8867570365	F	2
2	1968	17	0.905	0.605	0.3	0.57204413	0.3256464875	1.046781542	0.4181532725	0.8767681005	F	2
2	1969	18	0.825	0.565	0.26	0.5337122505	0.3002520305	1.0467046275	0.375396241	0.8808968335	F	2
2	1970	19	0.63	0.385	0.245	0.6141117875	0.321975567	1.0792497835	0.4015139505	0.9465993895	F	2
2	1971	20	0.925	0.73	0.195	0.517919226	0.3110864725	1.0936510035	0.4043568375	0.947458603	F	2
2	1972	21	1.295	0.96	0.335	0.5212961655	0.2856974145	1.1116473155	0.365648742	0.9682946025	F	2
2	1973	22	1.245	0.875	0.37	0.580950091	0.3146440645	1.1586102435	0.3993919685	1.0133952085	F	2
2	1974	23	1.29	0.87	0.42	0.599089955	0.3254811885	1.107789969	0.4027732325	1.0040914535	F	2
2	1975	24	1.3	0.875	0.425	0.606108115	0.3290657635	1.133005633	0.4276809915	0.972289912	F	2
2	1976	25	1.23	0.92	0.31	0.595621328	0.408709981	1.053218956	0.4810734155	0.931278538	F	2
2	1977	26	0.94	0.725	0.215	0.525347716	0.318125719	1.103820448	0.4125144135	0.908121583	F	2
2	1978	27	0.94	0.71	0.23	0.5386461215	0.3108676095	1.107351983	0.402281764	0.9538714965	F	2
2	1979	28	1.145	0.815	0.33	0.57710661	0.3108406365	1.1036224845	0.4054162825	0.997079737	F	2
2	1980	29	1.01	0.685	0.325	0.611556398	0.32891014	1.179530679	0.4186504265	1.007294262	F	2
2	1981	30	1.025	0.705	0.32	0.5967378155	0.3361206575	1.114280928	0.4058219465	1.020676955	F	2
2	1982	31	0.93	0.58	0.35	0.672164554	0.357803489	1.182952769	0.4686256965	1.0125579825	F	2
2	1983	32	0.725	0.56	0.165	0.561000549	0.33968421	1.15753707	0.4292059995	1.008666767	F	2
2	1984	33	0.545	0.405	0.14	0.575965212	0.3324312785	1.092339768	0.441062518	0.9658403995	F	2
2	1985	34	0.46	0.275	0.185	0.6664029275	0.3722212265	1.077817692	0.464626134	0.974391889	F	2
2	1986	35	0.62	0.445	0.175	0.610887481	0.3360158695	1.1067336615	0.4688443445	0.969407369	F	2
2	1987	36	0.63	0.435	0.195	0.6247613865	0.3866483435	1.103044933	0.4774631495	0.9505103755	F	2
2	1988	37	0.665	0.485	0.18	0.604904802	0.3504449075	1.13192563	0.4664492515	0.9714473985	F	2
2	1989	38	0.665	0.5	0.165	0.5951329675	0.3395756905	1.1644134735	0.4532064275	1.018423385	F	2
2	1990	39	0.965	0.65	0.315	0.66639452	0.379344366	1.157102261	0.497506595	1.0092682955	F	2
2	1991	40	0.82	0.635	0.185	0.5726156415	0.332288674	1.1533937355	0.439120645	1.0179179865	F	2
2	1992	41	0.66	0.48	0.18	0.619860741	0.3612028915	1.0701347125	0.491583863	0.958640257	F	2
2	1993	42	0.68	0.46	0.22	0.6613962425	0.390119807	1.08817455	0.5092555255	0.9780844385	F	2
2	1994	43	0.685	0.48	0.205	0.6393436875	0.361164851	1.088093283	0.489382215	0.9756777635	F	2
2	1995	44	0.485	0.33	0.155	0.5850485995	0.3864462965	0.957900815	0.486789749	0.866823841	F	2
2	1996	45	0.47	0.315	0.155	0.5843375135	0.3647501665	0.961460702	0.4669819175	0.8640255185	F	2
2	1997	46	0.46	0.245	0.215	0.690622725	0.368339579	1.03008037	0.488268731	0.9134912135	F	2
2	1998	47	0.62	0.425	0.195	0.582139098	0.343017741	0.961325899	0.4501073525	0.8611677285	F	2
2	1999	48	0.755	0.535	0.22	0.627194563	0.364687653	1.109519722	0.482997843	0.964410474	F	2
2	2000	49	0.89	0.68	0.21	0.5681765985	0.3357370325	1.022677298	0.460695692	0.902362874	F	2
2	2001	50	0.845	0.535	0.31	0.645791839	0.353792523	1.0623704345	0.4641068105	0.941334181	F	2
2	2002	51	1.115	0.7	0.415	0.6470257875	0.3356952045	1.1020467345	0.4539887955	0.9789941765	F	2
2	2003	52	0.96	0.65	0.31	0.630247881	0.3320521525	1.101948212	0.4586642065	0.995665903	F	2
2	2004	53	0.92	0.655	0.265	0.639624978	0.371778427	1.109095593	0.4942376445	0.985804845	F	2
2	2005	54	0.88	0.565	0.315	0.6533498205	0.3392283685	1.119846632	0.467591832	0.9753422335	F	2
2	2006	55	0.865	0.61	0.255	0.642019565	0.375343651	1.152295197	0.4739494065	1.038744078	F	2
2	2007	56	0.73	0.48	0.25	0.6385172335	0.368089583	1.0835684085	0.4653378605	0.962444883	F	2
2	2008	57	0.76	0.515	0.245	0.6414499585	0.3825156725	1.02568967	0.5031441175	0.9224853075	F	2
2	2009	58	0.94	0.65	0.29	0.6066160965	0.3246811745	1.032833087	0.4673838845	0.897262622	F	2
2	2010	59	1.03	0.605	0.425	0.638717145	0.3499468415	1.054426272	0.4447529965	0.90948115	F	2
2	2011	60	1.275	0.78	0.495	0.56123948	0.3174061905	0.953169437	0.394458621	0.84078358	F	2
2	2012	61	1.485	1.085	0.4	0.4530269605	0.2487347875	0.8952524205	0.3267029235	0.7956668965	F	2
2	2013	62	0.695	0.395	0.3	0.6093757965	0.299274129	1.021598815	0.3999973265	0.894421768	F	2
2	2014	63	1.785	0.96	0.825	0.60318118	0.338971723	0.9709058875	0.42596817	0.839738976	F	2
2	2015	64	1.695	1.17	0.525	0.527909723	0.3028123535	0.999638961	0.379503231	0.872120232	F	2
2	2016	65	1.565	1.08	0.485	0.5200845195	0.295555034	0.970623314	0.3799211385	0.8264912035	F	2
2	2017	66	1.515	0.965	0.55	0.533195031	0.299125279	0.912746158	0.3768368145	0.8141946725	F	2
2	2018	67	1.485	0.81	0.675	0.6981239955	0.320747285	1.1977592845	0.458619742	0.9759457895	F	2
3	1938	1	5.56	0.925	4.635	0.4956282935	0.258727726	0.6144198215	0.407158433	0.50616766	F	2
3	1939	2	3.21	2.605	0.605	0.4351178225	0.3403247215	0.6071803085	0.4125608515	0.5319917215	F	2
3	1940	3	2.7	2.33	0.37	0.398106304	0.3144740525	0.6554638525	0.368842512	0.5855451505	F	2
3	1941	4	2.22	1.855	0.365	0.383371877	0.2997007295	0.6370329325	0.3478479685	0.564180589	F	2
3	1942	5	1.66	1.405	0.255	0.395530751	0.2811951485	0.8076306025	0.343388685	0.686060221	F	2
3	1943	6	2.03	1.545	0.485	0.481267911	0.310892356	0.8559391005	0.389977066	0.7684809655	F	2
3	1944	7	2.145	1.785	0.36	0.367099532	0.2590267425	0.763356092	0.305279991	0.667822516	F	2
3	1945	8	1.71	1.45	0.26	0.417993575	0.281305372	0.878407144	0.3466809855	0.7527430095	F	2
3	1946	9	1.835	1.495	0.34	0.414835326	0.2702206525	0.863675372	0.336303	0.750618987	F	2
3	1947	10	1.765	1.43	0.335	0.4142884425	0.26282832	0.9008713535	0.3284686545	0.7806077205	F	2
3	1948	11	1.465	1.175	0.29	0.4178154345	0.2851233895	0.8453155025	0.3404436905	0.7300395835	F	2
3	1949	12	1.98	1.635	0.345	0.4182936045	0.2740184685	0.927052651	0.3394340265	0.7901029995	F	2
3	1950	13	2.145	1.58	0.565	0.4444911695	0.2740549645	0.8640994015	0.331093275	0.7597344525	F	2
3	1951	14	1.925	1.44	0.485	0.447203714	0.266663113	0.8939003405	0.345228959	0.7511498395	F	2
3	1952	15	1.86	1.525	0.335	0.4202109465	0.2852562655	0.860607561	0.35031251	0.738671498	F	2
3	1953	16	1.815	1.42	0.395	0.448511082	0.2704446025	0.9349513025	0.3471475125	0.81180553	F	2
3	1954	17	1.96	1.42	0.54	0.4636307355	0.2741908795	0.9425022445	0.3372432855	0.804333174	F	2
3	1955	18	1.725	1.25	0.475	0.4836674225	0.2705165405	0.97230779	0.353361476	0.8271843255	F	2
3	1956	19	1.54	1.19	0.35	0.4547689695	0.2779673435	0.9167089155	0.3557119535	0.7860072255	F	2
3	1957	20	1.325	0.935	0.39	0.489072648	0.3002784825	0.920506466	0.360534835	0.7937586645	F	2
3	1958	21	1.12	0.87	0.25	0.466730358	0.266879787	0.9874286805	0.360760043	0.8344748025	F	2
3	1959	22	1.2	0.905	0.295	0.509274475	0.3077542435	1.050653487	0.390754267	0.873333326	F	2
3	1960	23	0.87	0.655	0.215	0.445093572	0.2780652585	0.9355620885	0.3504364075	0.7338738645	F	2
3	1961	24	1.015	0.68	0.335	0.5238709975	0.281792914	1.0173494455	0.3584415025	0.858931801	F	2
3	1962	25	1.09	0.82	0.27	0.448036112	0.285530161	0.887396905	0.3549601865	0.728493838	F	2
3	1963	26	1.145	0.75	0.395	0.513580706	0.304130266	0.9431955355	0.364182026	0.795528766	F	2
3	1964	27	1.045	0.71	0.335	0.481924248	0.2707099335	0.917250111	0.345521612	0.7689350895	F	2
3	1965	28	0.79	0.605	0.185	0.4299649285	0.2558653025	0.991619086	0.325404204	0.775727858	F	2
3	1966	29	0.755	0.54	0.215	0.478842225	0.2484462515	1.0065305875	0.331607015	0.848655745	F	2
3	1967	30	0.795	0.525	0.27	0.5420356265	0.3042004625	0.99915022	0.3754869775	0.866007397	F	2
3	1968	31	1.08	0.765	0.315	0.5304176225	0.319081567	1.025238952	0.3924782775	0.8631704925	F	2
3	1969	32	1.03	0.76	0.27	0.4784652915	0.2819404515	0.9769873845	0.3671385445	0.792954202	F	2
3	1970	33	1.24	0.965	0.275	0.4545700425	0.281960955	0.995653525	0.3501499305	0.8204061885	F	2
3	1971	34	1.4	1.11	0.29	0.4507398585	0.2596816625	0.947419433	0.367173175	0.770004237	F	2
3	1972	35	1.53	1.2	0.33	0.4249874335	0.24111806	0.984693959	0.313162275	0.832345456	F	2
3	1973	36	1.6	1.21	0.39	0.4744116825	0.2708876185	1.0071112325	0.3529180975	0.8547998155	F	2
3	1974	37	1.685	1.165	0.52	0.474286065	0.278351529	0.917984725	0.334458575	0.7885825285	F	2
3	1975	38	1.875	1.22	0.655	0.5441237955	0.293257977	0.9738799445	0.3873379135	0.8347161545	F	2
3	1976	39	2.37	1.63	0.74	0.5015340195	0.2932974135	0.8996415195	0.3749669225	0.779343929	F	2
3	1977	40	1.415	1.125	0.29	0.4380604315	0.263584215	0.9108924665	0.3562862735	0.756102642	F	2
3	1978	41	1.39	1.02	0.37	0.4747947815	0.2710467425	0.955620948	0.3544084085	0.8083522365	F	2
3	1979	42	1.45	1.01	0.44	0.488699106	0.2933969365	0.9185063025	0.354713003	0.796252148	F	2
3	1980	43	1.02	0.71	0.31	0.508288722	0.282260998	1.004149082	0.352225892	0.8631800715	F	2
3	1981	44	0.855	0.525	0.33	0.5320764845	0.293439918	0.963272061	0.35602803	0.813801746	F	2
3	1982	45	1.04	0.685	0.355	0.5689727905	0.2934587625	1.0340445705	0.394493109	0.904200747	F	2
3	1983	46	0.805	0.56	0.245	0.493773577	0.300922734	0.944781011	0.3645459455	0.789466481	F	2
3	1984	47	0.665	0.455	0.21	0.4850533935	0.289771563	0.918774207	0.3598812635	0.7564813925	F	2
3	1985	48	0.79	0.495	0.295	0.532079311	0.30839646	0.9002065495	0.3761908555	0.7933671725	F	2
3	1986	49	0.855	0.605	0.25	0.507944927	0.2860786015	0.9412058915	0.3804902845	0.817066016	F	2
3	1987	50	0.89	0.59	0.3	0.5180824435	0.3084291915	0.9003038845	0.377996862	0.7924540815	F	2
3	1988	51	0.92	0.635	0.285	0.5188922775	0.3047253805	0.9599322675	0.37380091	0.835194438	F	2
3	1989	52	1.02	0.665	0.355	0.5801341075	0.3047427365	1.019562519	0.4049586215	0.909162853	F	2
3	1990	53	1.18	0.73	0.45	0.5994803875	0.3419934155	1.01964504	0.429141211	0.877788961	F	2
3	1991	54	1.305	0.835	0.47	0.536388933	0.278726097	1.0085579645	0.3696629695	0.8349578045	F	2
3	1992	55	1.09	0.705	0.385	0.5429744825	0.2861963755	0.960225682	0.373599858	0.8552248785	F	2
3	1993	56	0.745	0.475	0.27	0.5475480985	0.3048386165	0.967720763	0.3850273815	0.8204193675	F	2
3	1994	57	0.875	0.525	0.35	0.5970832635	0.304851811	1.064606744	0.378008117	0.9287090695	F	2
3	1995	58	0.765	0.595	0.17	0.458379529	0.2750750365	0.960375416	0.363438627	0.7912587035	F	2
3	1996	59	0.79	0.57	0.22	0.495474532	0.2862606235	0.941804084	0.367116607	0.8208262835	F	2
3	1997	60	0.915	0.58	0.335	0.557930899	0.275106662	1.057331669	0.3670109155	0.8881901325	F	2
3	1998	61	0.895	0.635	0.26	0.514396245	0.278846238	0.934467621	0.3871051585	0.8252843065	F	2
3	1999	62	0.965	0.615	0.35	0.5614754515	0.290038995	1.012756394	0.3695653105	0.899903408	F	2
3	2000	63	1.09	0.765	0.325	0.5075546225	0.301231466	0.9979347915	0.383201918	0.828520368	F	2
3	2001	64	1.115	0.775	0.34	0.5112005065	0.2639977025	0.9980024635	0.352617494	0.855799133	F	2
3	2002	65	1.14	0.75	0.39	0.534518891	0.2565653165	1.0241682645	0.3453890365	0.890639752	F	2
3	2003	66	0.93	0.61	0.32	0.555383719	0.2826687005	1.057759125	0.3658193685	0.9085814785	F	2
3	2004	67	1.125	0.835	0.29	0.520224313	0.2901415055	1.0690251195	0.389842639	0.89478869	F	2
3	2005	68	1.225	0.77	0.455	0.569596425	0.2901610125	1.0355673335	0.367230915	0.911490386	F	2
3	2006	69	1.04	0.775	0.265	0.503111457	0.279007095	1.0803689365	0.347297081	0.9569733705	F	2
3	2007	70	1.25	0.935	0.315	0.4608029415	0.252935953	0.9462661225	0.342959611	0.8074936325	F	2
3	2008	71	1.725	1.285	0.44	0.411500496	0.2417773475	0.7897960115	0.313564223	0.6933936745	F	2
3	2009	72	2.655	2.1	0.555	0.3844743275	0.2268963025	0.84587034	0.2988108505	0.712502121	F	2
3	2010	73	2.925	2.04	0.885	0.3890308155	0.238117079	0.678204599	0.2948478765	0.606057145	F	2
3	2011	74	2.855	2.13	0.725	0.380664529	0.2307057765	0.715642833	0.2942200335	0.6384293535	F	2
3	2012	75	2.255	1.68	0.575	0.3769893815	0.23448149	0.75304877	0.281018192	0.6550121565	F	2
3	2013	76	1.29	1.005	0.285	0.42386407	0.2382410475	0.9620560265	0.2986242995	0.861497565	F	2
3	2014	77	1.525	1.155	0.37	0.4546262295	0.2494563155	0.9658819225	0.327659172	0.843270809	F	2
3	2015	78	1.825	1.295	0.53	0.478670293	0.2420193055	0.92495443	0.3295752885	0.829123011	F	2
3	2016	79	1.97	1.24	0.73	0.468555248	0.253244256	0.831752404	0.3181075805	0.7369097515	F	2
3	2017	80	1.575	1.105	0.47	0.453186724	0.257005898	0.8430487675	0.331329602	0.7508292195	F	2
3	2018	81	1.225	0.895	0.33	0.532263376	0.2495684795	1.2238815205	0.3494103955	1.03905218	F	2
4	1945	1	2.54	0.555	1.985	0.508316192	0.3162501795	0.6516192305	0.383025281	0.5287473565	F	2
4	1946	2	0.905	0.51	0.395	0.4699935675	0.379933085	0.5779359945	0.415969004	0.5384740965	F	2
4	1947	3	1.66	1.215	0.445	0.4451784915	0.3092306985	0.734849461	0.369011257	0.6493116965	F	2
4	1948	4	1.54	0.505	1.035	0.56464737	0.4245048755	0.693176771	0.4801604415	0.6183264845	F	2
4	1949	5	1.65	1.425	0.225	0.4466414275	0.354008328	0.727232184	0.4141874235	0.6492454835	F	2
4	1950	6	1.215	0.81	0.405	0.4982441145	0.3579086085	0.8357738085	0.4016369765	0.6951544255	F	2
4	1951	7	0.945	0.745	0.2	0.456177916	0.3317805485	0.835948983	0.3858099045	0.7168032785	F	2
4	1952	8	1.005	0.73	0.275	0.4548926805	0.294470957	0.8172776155	0.362138397	0.702107729	F	2
4	1953	9	1.465	1.085	0.38	0.463626968	0.290677371	0.8733104335	0.3571444035	0.7704251265	F	2
4	1954	10	1.665	1.3	0.365	0.4601052445	0.298440189	0.89239321	0.3700604775	0.768930395	F	2
4	1955	11	1.18	0.945	0.235	0.4728011795	0.3023461595	1.0235537565	0.37615364	0.859423969	F	2
4	1956	12	1.03	0.815	0.215	0.4427265	0.317124753	0.848262458	0.3691670815	0.720397728	F	2
4	1957	13	0.94	0.675	0.265	0.4957305815	0.3396663595	0.9267699525	0.381861484	0.7857448685	F	2
4	1958	14	0.855	0.635	0.22	0.4694352155	0.2611440125	0.9789073605	0.3592299175	0.788981091	F	2
4	1959	15	0.84	0.65	0.19	0.4978764025	0.313528069	1.087837511	0.3949545925	0.851711309	F	2
4	1960	16	0.56	0.41	0.15	0.469086286	0.294897059	0.9865771585	0.3574591965	0.779324057	F	2
4	1961	17	0.665	0.42	0.245	0.56062183	0.2723152365	1.0915725825	0.368939571	0.894067463	F	2
4	1962	18	0.755	0.58	0.175	0.452534906	0.31362013	0.8896854395	0.3638813105	0.7463324865	F	2
4	1963	19	0.72	0.51	0.21	0.493899684	0.3136640415	0.972329772	0.3580913235	0.8256701025	F	2
4	1964	20	0.78	0.6	0.18	0.466649178	0.2913185255	1.00206145	0.3610874645	0.8181576505	F	2
4	1965	21	0.645	0.505	0.14	0.433324656	0.2763897775	1.006027807	0.339460525	0.78054495	F	2
4	1966	22	0.715	0.51	0.205	0.495004838	0.268844348	1.0771097275	0.351268041	0.86581176	F	2
4	1967	23	0.83	0.575	0.255	0.5295539455	0.298898694	0.9763713675	0.3934519435	0.835593212	F	2
4	1968	24	0.805	0.61	0.195	0.490557238	0.3138169985	0.998244732	0.375663338	0.861116018	F	2
4	1969	25	0.84	0.67	0.17	0.4572348475	0.276504447	1.0246906935	0.3575692295	0.864322447	F	2
4	1970	26	0.94	0.745	0.195	0.480865364	0.298996772	1.040233875	0.379065954	0.869339177	F	2
4	1971	27	1.105	0.935	0.17	0.433475469	0.295250081	0.9389589545	0.372325469	0.778058138	F	2
4	1972	28	1.04	0.825	0.215	0.4233682625	0.25793295	0.9882732655	0.3185448755	0.8231382535	F	2
4	1973	29	1.03	0.835	0.195	0.4169609995	0.2579719005	0.9500230235	0.327844722	0.8178517805	F	2
4	1974	30	1.18	0.89	0.29	0.457611664	0.265406254	0.9318465715	0.3405074145	0.8142836245	F	2
4	1975	31	1.14	0.81	0.33	0.5116365155	0.2954254675	0.954661158	0.376103595	0.84156703	F	2
4	1976	32	1.215	0.945	0.27	0.487002264	0.317945987	1.006872127	0.3762907895	0.8747793845	F	2
4	1977	33	1.015	0.76	0.255	0.425723863	0.284220727	0.8167773395	0.342656476	0.673807519	F	2
4	1978	34	0.995	0.765	0.23	0.453494933	0.276553425	0.9436415105	0.351470388	0.7947758355	F	2
4	1979	35	1.015	0.77	0.245	0.4689360405	0.284086272	1.0041380355	0.3591013375	0.807295289	F	2
4	1980	36	0.8	0.555	0.245	0.527046713	0.280415076	1.026547267	0.3617944505	0.905810219	F	2
4	1981	37	0.805	0.595	0.21	0.4737945325	0.2805493265	0.9857737545	0.3419209085	0.850953177	F	2
4	1982	38	0.79	0.445	0.345	0.607863274	0.3067788435	1.0230784115	0.374305954	0.909295541	F	2
4	1983	39	0.555	0.42	0.135	0.4941208975	0.291808573	1.0641696715	0.3618375845	0.9180561605	F	2
4	1984	40	0.545	0.415	0.13	0.485976675	0.303031323	1.0153397805	0.375315174	0.846398179	F	2
4	1985	41	0.69	0.44	0.25	0.528960875	0.2919586075	0.9292925125	0.3618450705	0.822948477	F	2
4	1986	42	0.735	0.545	0.19	0.47690471	0.303083716	0.9002195525	0.3746734925	0.7683535365	F	2
4	1987	43	0.665	0.475	0.19	0.475634627	0.2842961555	0.9255410415	0.357566226	0.775249738	F	2
4	1988	44	0.57	0.44	0.13	0.4573908585	0.280622082	1.0158986985	0.3506022945	0.8449273405	F	2
4	1989	45	0.655	0.47	0.185	0.521736134	0.2956619505	1.0092488835	0.3782920745	0.886229833	F	2
4	1990	46	0.78	0.54	0.24	0.5463392315	0.3104768215	1.0081587215	0.3964052975	0.892204548	F	2
4	1991	47	0.9	0.65	0.25	0.5043522905	0.2806972565	0.966479241	0.379308849	0.834048075	F	2
4	1992	48	0.945	0.655	0.29	0.5505596905	0.3181512785	1.001207721	0.399847313	0.896652327	F	2
4	1993	49	0.855	0.59	0.265	0.5256476805	0.2807626855	0.994034812	0.366561101	0.877920513	F	2
4	1994	50	0.905	0.625	0.28	0.540229577	0.2997331725	1.0497293155	0.385439015	0.8891089205	F	2
4	1995	51	0.79	0.62	0.17	0.486137144	0.2696157155	1.03921832	0.369368472	0.910817055	F	2
4	1996	52	0.865	0.72	0.145	0.4490186345	0.281087449	1.046853027	0.3570507355	0.907433664	F	2
4	1997	53	0.955	0.685	0.27	0.5425594595	0.299837708	1.0959873175	0.3984269065	0.909128424	F	2
4	1998	54	1.14	0.87	0.27	0.498397147	0.2995240865	0.987025744	0.381157844	0.877883073	F	2
4	1999	55	1.34	0.93	0.41	0.5484951365	0.2846584925	1.0248975485	0.3919289705	0.9028865405	F	2
4	2000	56	1.585	1.155	0.43	0.511210003	0.314542853	0.994420575	0.384524969	0.863393657	F	2
4	2001	57	1.365	0.98	0.385	0.5298173055	0.303859362	0.9916251055	0.380072994	0.9109534455	F	2
4	2002	58	2.14	1.44	0.7	0.5849280095	0.288640593	1.063146846	0.4042097	0.959068181	F	2
4	2003	59	1.785	1.235	0.55	0.533256479	0.28502128	1.003013087	0.383359116	0.8688737855	F	2
4	2004	60	1.97	1.42	0.55	0.531327828	0.300020003	1.003423405	0.375546901	0.9333614245	F	2
4	2005	61	1.995	1.29	0.705	0.554577498	0.281467014	0.9922082275	0.3798386575	0.873265503	F	2
4	2006	62	1.76	1.335	0.425	0.5010387785	0.2928993895	1.052707412	0.3837591325	0.8701786875	F	2
4	2007	63	2.085	1.435	0.65	0.521467542	0.285467913	0.9934875095	0.371166753	0.852748299	F	2
4	2008	64	2.705	1.855	0.85	0.4986766215	0.2967561505	0.9141998665	0.3697593405	0.773996563	F	2
4	2009	65	3.065	2.3	0.765	0.4862425995	0.2667081935	0.9711355135	0.354211556	0.88109715	F	2
4	2010	66	3.14	2.18	0.96	0.478116184	0.2892601455	0.899766212	0.363711529	0.7354128235	F	2
4	2011	67	3.04	1.855	1.185	0.4804271355	0.2518139765	0.839227	0.3315238015	0.711995685	F	2
4	2012	68	3.065	2.13	0.935	0.4658363695	0.2671567435	0.870673	0.333626474	0.7677358255	F	2
4	2013	69	2.12	1.33	0.79	0.58825129	0.274495336	1.0095666175	0.4006653515	0.9056950595	F	2
4	2014	70	2.16	1.405	0.755	0.5304692735	0.263325408	1.021401013	0.372423599	0.8200197995	F	2
4	2015	71	2.11	1.385	0.725	0.503794309	0.266784819	0.949847561	0.3393508885	0.846504029	F	2
4	2016	72	1.66	1.09	0.57	0.532933601	0.289486819	0.950180743	0.369381645	0.8434817435	F	2
4	2017	73	1.56	0.945	0.615	0.5541947095	0.3011102995	0.901446124	0.3963229385	0.796778162	F	2
4	2018	74	1.05	0.685	0.365	0.5986342725	0.3050100465	1.079214227	0.420714878	0.9271436405	F	2
5	1938	1	3.585	1.115	2.47	0.5324057505	0.3632449545	0.685365587	0.452619547	0.5594699005	F	2
5	1939	2	1.425	1.065	0.36	0.546463859	0.407982284	0.820062059	0.47850532	0.749357933	F	2
5	1940	3	1.6	1.265	0.335	0.5187760555	0.404098615	0.767382513	0.4683568655	0.709386209	F	2
5	1941	4	1.565	1.215	0.35	0.5087126495	0.3852594365	0.7783906485	0.4496351895	0.713150716	F	2
5	1942	5	1.23	0.965	0.265	0.5636858035	0.403889237	0.9953533945	0.480605591	0.8639485635	F	2
5	1943	6	0.98	0.645	0.335	0.6039162165	0.392562194	0.9802108115	0.470755935	0.8618788785	F	2
5	1944	7	1.095	0.8	0.295	0.541976076	0.3737665235	0.9687865805	0.4412529045	0.8146327745	F	2
5	1945	8	1.17	0.83	0.34	0.5640468135	0.377431821	1.020953439	0.436686502	0.877831251	F	2
5	1946	9	1.24	0.885	0.355	0.5578432965	0.396040339	0.934695021	0.4505598755	0.823192774	F	2
5	1947	10	1.225	0.89	0.335	0.520791229	0.3473394275	0.908290868	0.4297516315	0.7587316675	F	2
5	1948	11	1.23	0.905	0.325	0.502856929	0.358470712	0.8706951325	0.4216469675	0.727434117	F	2
5	1949	12	1.65	1.22	0.43	0.5091850445	0.365861056	0.8704280185	0.4282715035	0.743362258	F	2
5	1950	13	1.575	1.145	0.43	0.502607115	0.350811808	0.8963282025	0.400268228	0.7727272425	F	2
5	1951	14	1.67	1.23	0.44	0.487131555	0.3096020895	0.907275739	0.38419315	0.778017177	F	2
5	1952	15	1.785	1.405	0.38	0.4842717095	0.331919014	0.906998801	0.4011902595	0.797434498	F	2
5	1953	16	1.9	1.415	0.485	0.484618595	0.290725545	0.93280465	0.3690331445	0.8165792265	F	2
5	1954	17	1.77	1.36	0.41	0.4749075005	0.3018112705	0.9548912335	0.375358093	0.805075148	F	2
5	1955	18	1.56	1.21	0.35	0.4930441005	0.2980011035	1.006846301	0.38944718	0.852087504	F	2
5	1956	19	1.44	1.085	0.355	0.474202349	0.305381031	0.883496341	0.382912916	0.75347286	F	2
5	1957	20	1.425	0.895	0.53	0.562163241	0.346348905	0.9466702545	0.411717959	0.813476436	F	2
5	1958	21	1.56	1.215	0.345	0.500085608	0.308965848	0.983661178	0.401168152	0.8534739575	F	2
5	1959	22	1.46	1.085	0.375	0.578330448	0.3610482235	1.072839008	0.455474897	0.930680908	F	2
5	1960	23	1.23	0.91	0.32	0.5118832155	0.3125174505	1.020435306	0.3964347545	0.840629916	F	2
5	1961	24	1.18	0.79	0.39	0.550473924	0.297553906	1.038852112	0.3775487995	0.901659211	F	2
5	1962	25	1.08	0.775	0.305	0.495026466	0.304930705	0.941811081	0.3806528195	0.782410061	F	2
5	1963	26	1.08	0.795	0.285	0.5031139535	0.308602024	1.0496092935	0.3788524295	0.856172954	F	2
5	1964	27	1.265	0.825	0.44	0.5334610395	0.2973687495	0.993538784	0.372726204	0.834945856	F	2
5	1965	28	0.715	0.5	0.215	0.524700072	0.301023705	1.0566636825	0.3857114595	0.8526660925	F	2
5	1966	29	0.875	0.565	0.31	0.5280026335	0.2674848135	0.993224114	0.3664076325	0.817259128	F	2
5	1967	30	0.905	0.635	0.27	0.529984703	0.308380257	1.0116685755	0.3896950415	0.8640582105	F	2
5	1968	31	1.24	0.915	0.325	0.4963635485	0.2934369295	0.9891056045	0.372139608	0.8483345445	F	2
5	1969	32	1.04	0.76	0.28	0.476077764	0.2747723165	0.97403915	0.358727408	0.8044309175	F	2
5	1970	33	1.46	1.155	0.305	0.4689769745	0.278436812	1.044437196	0.3579667055	0.897031618	F	2
5	1971	34	1.615	1.245	0.37	0.471404747	0.2709083905	0.9363195635	0.36991985	0.812878109	F	2
5	1972	35	1.87	1.425	0.445	0.482445099	0.2819633285	1.0660698075	0.3493199735	0.916385266	F	2
5	1973	36	1.81	1.385	0.425	0.496690292	0.281875622	1.1028929315	0.362322617	0.9547412445	F	2
5	1974	37	1.55	1.16	0.39	0.4842532335	0.3003680545	0.994837307	0.3671862205	0.8341574155	F	2
5	1975	38	1.77	1.23	0.54	0.529079473	0.2965618885	1.0130948695	0.3762674045	0.880753296	F	2
5	1976	39	1.845	1.28	0.565	0.5238578275	0.3001773245	0.994194355	0.3793419195	0.851244391	F	2
5	1977	40	1.335	0.955	0.38	0.482254893	0.2852361255	0.923429579	0.367118195	0.771943525	F	2
5	1978	41	1.19	0.89	0.3	0.486717891	0.2888830035	1.0159940065	0.3590036525	0.867735281	F	2
5	1979	42	1.265	0.91	0.355	0.5140030095	0.288825383	0.971289104	0.3796288625	0.864163553	F	2
5	1980	43	1.05	0.75	0.3	0.5564190135	0.311015416	1.071208764	0.398760485	0.9507848235	F	2
5	1981	44	0.84	0.575	0.265	0.519218831	0.2775838275	1.011696482	0.3620505585	0.859005881	F	2
5	1982	45	0.79	0.465	0.325	0.6114602765	0.3109130075	1.0783113565	0.384609273	0.939221815	F	2
5	1983	46	0.555	0.395	0.16	0.485655911	0.2997438535	0.9187935365	0.383352979	0.7402332665	F	2
5	1984	47	0.535	0.395	0.14	0.449807572	0.284888831	0.9149573275	0.349642288	0.732309037	F	2
5	1985	48	0.46	0.33	0.13	0.476449638	0.2848673775	0.9260049495	0.362934446	0.7585556445	F	2
5	1986	49	0.62	0.455	0.165	0.4792701255	0.262610587	0.970415517	0.352251796	0.8300334325	F	2
5	1987	50	0.73	0.55	0.18	0.505587309	0.2996317605	0.99622115	0.389397881	0.8617084285	F	2
5	1988	51	0.67	0.495	0.175	0.496365379	0.292188279	0.9812642625	0.3759081395	0.840945138	F	2
5	1989	52	0.815	0.525	0.29	0.5855676625	0.299558653	1.084845733	0.399483438	0.926341928	F	2
5	1990	53	1.03	0.69	0.34	0.5512186035	0.314337304	0.9957862085	0.3867773165	0.885734367	F	2
5	1991	54	0.975	0.635	0.34	0.5389422045	0.2809326235	1.00297769	0.355416812	0.882262722	F	2
5	1992	55	0.905	0.665	0.24	0.524311415	0.2994050885	1.0620483485	0.3949843475	0.88841576	F	2
5	1993	56	0.88	0.59	0.29	0.543342923	0.303045982	0.987854071	0.372124399	0.8848461995	F	2
5	1994	57	1.195	0.765	0.43	0.592810487	0.314105334	1.1134943155	0.3845605225	0.9641612425	F	2
5	1995	58	0.705	0.525	0.18	0.485717534	0.295536917	0.9615770415	0.365464368	0.8361804165	F	2
5	1996	59	0.68	0.49	0.19	0.536721302	0.314001098	1.068771438	0.3886548955	0.9169089245	F	2
5	1997	60	1.005	0.675	0.33	0.538810151	0.2954555295	1.027899698	0.3492712135	0.925517783	F	2
5	1998	61	1.095	0.695	0.4	0.52841632	0.3028036085	0.8982629765	0.375301534	0.794762	F	2
5	1999	62	1.6	1.015	0.585	0.568290369	0.299038897	1.0274328795	0.3682628935	0.9142298635	F	2
5	2000	63	1.585	1.115	0.47	0.504641594	0.3026430475	0.993826624	0.369496753	0.8367582485	F	2
5	2001	64	1.41	0.94	0.47	0.512434638	0.261904583	0.9788076845	0.3391799325	0.858506337	F	2
5	2002	65	1.4	0.925	0.475	0.5680817465	0.2840178195	1.041365048	0.369823895	0.962773372	F	2
5	2003	66	1.335	0.895	0.44	0.563790016	0.2913321375	1.048486576	0.386405748	0.925916061	F	2
5	2004	67	1.36	0.985	0.375	0.544499864	0.298636731	1.044528432	0.4050962145	0.9116322205	F	2
5	2005	68	1.445	0.985	0.46	0.5588298485	0.291179468	1.077495295	0.3761825265	0.950517156	F	2
5	2006	69	1.29	0.915	0.375	0.553732161	0.298486645	1.0439976715	0.3850884125	0.959895517	F	2
5	2007	70	1.26	0.92	0.34	0.4900861325	0.25781971	1.021628078	0.33529832	0.905174344	F	2
5	2008	71	1.435	1.095	0.34	0.4615268375	0.2577534515	0.9549542925	0.3397427075	0.8543074615	F	2
5	2009	72	1.95	1.475	0.475	0.43881578	0.2281793405	0.9435614435	0.317891285	0.8137468315	F	2
5	2010	73	2.595	1.865	0.73	0.4659561655	0.268649303	0.928434169	0.3479992505	0.7577218115	F	2
5	2011	74	2.28	1.48	0.8	0.490771477	0.261145429	0.942781254	0.3158965475	0.820778347	F	2
5	2012	75	1.7	1.335	0.365	0.4498279565	0.2684096025	0.9240184715	0.3448530315	0.836024738	F	2
5	2013	76	1.065	0.74	0.325	0.521882009	0.2793955605	1.0306483225	0.3448953215	0.934478324	F	2
5	2014	77	1.26	0.9	0.36	0.5411807555	0.2867003685	1.019364451	0.3604963835	0.9296902475	F	2
5	2015	78	1.525	1.23	0.295	0.464828526	0.26086737	0.963857456	0.370257927	0.855035508	F	2
5	2016	79	1.15	0.89	0.26	0.468345606	0.2571193795	1.000459633	0.3454840275	0.8861150725	F	2
5	2017	80	1.64	1.22	0.42	0.4927732385	0.2828120885	0.937636573	0.3753972755	0.8341149965	F	2
5	2018	81	2.01	1.225	0.785	0.653022555	0.3048049415	1.3896200955	0.42164759	1.018551055	F	2
6	1954	1	3.225	1.06	2.165	0.4630381145	0.345502026	0.6004604335	0.406682009	0.490427362	F	2
6	1955	2	1.315	0.865	0.45	0.49428907	0.36735762	0.687877489	0.4262695215	0.619162195	F	2
6	1956	3	1.435	1.15	0.285	0.47629904	0.392854676	0.6842373365	0.4385377735	0.62798441	F	2
6	1957	4	1.31	1.04	0.27	0.536684482	0.4110671265	0.7898655035	0.488751796	0.7220436095	F	2
6	1958	5	1.03	0.715	0.315	0.5226541745	0.3272956375	0.840859369	0.42082101	0.7539509105	F	2
6	1959	6	1.03	0.695	0.335	0.576802392	0.3673615995	0.93191865	0.4647229315	0.812346365	F	2
6	1960	7	0.915	0.58	0.335	0.612982249	0.3564354295	0.9829127435	0.448662337	0.8951856185	F	2
6	1961	8	0.965	0.67	0.295	0.5655194775	0.312728401	0.9938417425	0.4350460115	0.8613911575	F	2
6	1962	9	0.78	0.545	0.235	0.5387919025	0.3272983365	0.917354677	0.424964003	0.8014644335	F	2
6	1963	10	1.03	0.665	0.365	0.609216861	0.356437382	0.9719915755	0.4504363985	0.8985322465	F	2
6	1964	11	0.89	0.645	0.245	0.550340422	0.3345842205	1.0084167245	0.4159023075	0.8997961735	F	2
6	1965	12	1.045	0.795	0.25	0.5361222135	0.320015568	0.971995519	0.42639535	0.881373963	F	2
6	1966	13	1.14	0.84	0.3	0.5439114715	0.3054468805	1.0302755225	0.4178990465	0.8999006375	F	2
6	1967	14	1.215	0.83	0.385	0.56802885	0.3382287485	0.9683579405	0.4345502405	0.8567932525	F	2
6	1968	15	1.315	1.045	0.27	0.5218138965	0.3309449695	1.008426775	0.4162816555	0.915394487	F	2
6	1969	16	1.02	0.775	0.245	0.503387764	0.2908797725	1.004786551	0.37889151	0.889016107	F	2
6	1970	17	1.23	0.915	0.315	0.5110289175	0.312734646	0.982934854	0.3904870445	0.863802565	F	2
6	1971	18	1.255	0.995	0.26	0.49146327	0.301808365	0.9756526945	0.3942688045	0.8554534625	F	2
6	1972	19	1.2	0.915	0.285	0.506815926	0.290881987	1.04850317	0.368235117	0.9334916335	F	2
6	1973	20	1.395	1	0.395	0.550359351	0.2835978665	1.052148627	0.3951930325	0.9398671355	F	2
6	1974	21	1.51	1.095	0.415	0.5558742805	0.3090956155	1.0084429405	0.4161906685	0.925437294	F	2
6	1975	22	1.44	0.955	0.485	0.5913823005	0.316381433	1.052155206	0.4224185375	0.9370203115	F	2
6	1976	23	1.235	0.895	0.34	0.567629579	0.330952212	1.06672798	0.427450575	0.940178665	F	2
6	1977	24	0.855	0.625	0.23	0.5339711165	0.323668246	0.9465288975	0.4133246435	0.859910002	F	2
6	1978	25	0.905	0.685	0.22	0.5299549495	0.3054564615	1.004810182	0.4130967245	0.8908009035	F	2
6	1979	26	0.895	0.665	0.23	0.578432053	0.33823919	1.0230243615	0.459225437	0.9115701365	F	2
6	1980	27	0.74	0.48	0.26	0.6309451415	0.341882288	1.0448808015	0.4647339785	0.9384178095	F	2
6	1981	28	0.58	0.43	0.15	0.543878655	0.330955392	0.9756749795	0.4315551795	0.8713582885	F	2
6	1982	29	0.67	0.38	0.29	0.6812677355	0.3564532035	1.0485260475	0.4831307265	0.9425902515	F	2
6	1983	30	0.475	0.365	0.11	0.5738537535	0.3637386515	0.957464855	0.4900262765	0.8568106495	F	2
6	1984	31	0.435	0.315	0.12	0.571280284	0.3892365015	0.8773307905	0.5006447625	0.7835105455	F	2
6	1985	32	0.535	0.33	0.205	0.613277652	0.3564543685	0.9356117555	0.4519012435	0.870383688	F	2
6	1986	33	0.66	0.46	0.2	0.590040485	0.3418848245	0.968395625	0.472945727	0.857918736	F	2
6	1987	34	0.61	0.42	0.19	0.605739974	0.3528127515	0.9975369755	0.469149491	0.9105012045	F	2
6	1988	35	0.605	0.415	0.19	0.5903774095	0.3346006885	0.9465431485	0.4703521455	0.85274839	F	2
6	1989	36	0.61	0.385	0.225	0.6524381915	0.3382436055	1.04853476	0.4846349145	0.9393455485	F	2
6	1990	37	0.47	0.315	0.155	0.6386686605	0.4038093855	0.9902554725	0.5137094415	0.892779765	F	2
6	1991	38	0.51	0.34	0.17	0.632479149	0.3528145	0.9938990995	0.503305876	0.8912655445	F	2
6	1992	39	0.385	0.27	0.115	0.5898046825	0.352814827	0.942904563	0.4866376835	0.838080667	F	2
6	1993	40	0.285	0.185	0.1	0.5489699375	0.3855979045	0.7061406585	0.49125292	0.6564329775	F	2
6	1994	41	0.285	0.17	0.115	0.6480358585	0.4548062215	0.9246930095	0.512015397	0.855905167	F	2
6	1995	42	0.275	0.195	0.08	0.5455784785	0.3965259535	0.7316392345	0.4908812045	0.680188429	F	2
6	1996	43	0.3	0.205	0.095	0.55195326	0.3928836585	0.811775483	0.4743701475	0.731093281	F	2
6	1997	44	0.31	0.195	0.115	0.583130683	0.385598824	0.8227035695	0.4796338215	0.757137855	F	2
6	1998	45	0.36	0.23	0.13	0.600063889	0.4147394135	0.8554871125	0.495178862	0.787796535	F	2
6	1999	46	0.435	0.275	0.16	0.6489265385	0.385599364	1.0558278865	0.474726073	0.9521598625	F	2
6	2000	47	0.5	0.335	0.165	0.606397146	0.3491742865	1.0121184415	0.4537767685	0.9173710285	F	2
6	2001	48	0.42	0.245	0.175	0.6424868405	0.349174584	1.012119288	0.4563384665	0.9031998155	F	2
6	2002	49	0.51	0.315	0.195	0.658789408	0.4001706935	0.9720522335	0.525474575	0.8716422865	F	2
6	2003	50	0.31	0.2	0.11	0.6110078465	0.4038136725	0.89555924	0.497324393	0.821929726	F	2
6	2004	51	0.485	0.33	0.155	0.583937964	0.356460641	0.9793390765	0.451450586	0.8716278265	F	2
6	2005	52	0.52	0.275	0.245	0.663414211	0.367388716	0.9829826055	0.4794371625	0.864259178	F	2
6	2006	53	0.435	0.3	0.135	0.583827201	0.3710316985	0.942915278	0.4753327585	0.84628004	F	2
6	2007	54	0.55	0.35	0.2	0.6239966675	0.3601043085	1.001197595	0.4699452085	0.8910004815	F	2
6	2008	55	0.55	0.395	0.155	0.5297639785	0.327321604	0.9137768925	0.4198122995	0.809902662	F	2
6	2009	56	0.705	0.46	0.245	0.5465325465	0.290896146	0.964774395	0.390785588	0.838935195	F	2
6	2010	57	0.83	0.505	0.325	0.5682889095	0.3346076355	0.899209401	0.4108434695	0.810417751	F	2
6	2011	58	1.005	0.615	0.39	0.5915044975	0.327323025	0.9574928495	0.4163807525	0.8683271275	F	2
6	2012	59	0.955	0.64	0.315	0.5194631575	0.301825557	0.8591444815	0.390803067	0.777799032	F	2
6	2013	60	0.755	0.42	0.335	0.618284475	0.3528225865	0.9502111755	0.4373460465	0.841435721	F	2
6	2014	61	0.695	0.435	0.26	0.5723615565	0.334610087	0.931999347	0.415586432	0.8321031635	F	2
6	2015	62	0.955	0.68	0.275	0.5210480395	0.3054697155	0.9065028645	0.4082236195	0.8018602565	F	2
6	2016	63	0.97	0.63	0.34	0.548181435	0.312755568	0.9137900185	0.4021231445	0.8196203565	F	2
6	2017	64	0.595	0.355	0.24	0.617835133	0.360110378	0.9429323375	0.4576704535	0.855023352	F	2
6	2018	65	0.595	0.33	0.265	0.759679646	0.4220356875	1.13963621	0.5511108385	1.011293668	F	2
7	1957	1	2.01	1.72	0.29	0.536786467	0.3978579055	0.63686193	0.527263309	0.5867231565	C	4
7	1958	2	1.4	1.175	0.225	0.435520754	0.3398969525	0.651300348	0.405494841	0.590841153	C	4
7	1959	3	2.02	1.595	0.425	0.5064217895	0.415907687	0.6802085655	0.477327084	0.621806859	C	4
7	1960	4	1.895	1.535	0.36	0.449820313	0.3579317225	0.705486278	0.398216611	0.6617790145	C	4
7	1961	5	2.38	1.97	0.41	0.421692261	0.2963640765	0.716259089	0.3786212495	0.6339433585	C	4
7	1962	6	1.885	1.405	0.48	0.4163846595	0.307185842	0.6184597525	0.3684252135	0.557697915	C	4
7	1963	7	2.195	1.735	0.46	0.4766061295	0.328871317	0.8102144955	0.411121715	0.7240922825	C	4
7	1964	8	2.185	1.715	0.47	0.4222659875	0.3071212125	0.6979388905	0.369446766	0.6133491615	C	4
7	1965	9	1.92	1.475	0.445	0.4274321675	0.3034706895	0.6797789195	0.3695284105	0.6049776795	C	4
7	1966	10	1.7	1.285	0.415	0.421745421	0.231074142	0.795505662	0.334780906	0.682199237	C	4
7	1967	11	1.7	1.27	0.43	0.436974424	0.281710051	0.7086055185	0.3699497245	0.6184673235	C	4
7	1968	12	1.725	1.3	0.425	0.445767194	0.263594135	0.849632452	0.344832955	0.751342468	C	4
7	1969	13	1.24	0.955	0.285	0.4545179605	0.2671895955	0.9363872725	0.3485830495	0.814119709	C	4
7	1970	14	1.265	1	0.265	0.424888567	0.2816408185	0.7844144965	0.355415334	0.688202581	C	4
7	1971	15	1.245	0.975	0.27	0.4210705565	0.2780058135	0.78798038	0.34975405	0.681627726	C	4
7	1972	16	1.265	0.95	0.315	0.437970791	0.238202898	0.936216093	0.3139638615	0.813921975	C	4
7	1973	17	1.725	1.265	0.46	0.46359998	0.2490385555	0.936134155	0.34056782	0.803821976	C	4
7	1974	18	1.385	1.045	0.34	0.436761486	0.2454015375	0.849282008	0.3353662125	0.749513677	C	4
7	1975	19	1.385	0.915	0.47	0.5129319715	0.28154432	0.910687502	0.378811912	0.790487611	C	4
7	1976	20	1.39	0.99	0.4	0.4959334205	0.306835962	0.874470995	0.394372512	0.752012803	C	4
7	1977	21	0.97	0.7	0.27	0.439914268	0.267043658	0.8346602965	0.342721384	0.7054368385	C	4
7	1978	22	0.855	0.65	0.205	0.499034579	0.3610361705	0.86355065	0.428670209	0.7288083385	C	4
7	1979	23	1.005	0.765	0.24	0.45417254	0.288711938	0.892426795	0.365627033	0.7433838625	C	4
7	1980	24	1.095	0.715	0.38	0.529105683	0.285083534	0.975521155	0.3741346085	0.835547802	C	4
7	1981	25	0.815	0.615	0.2	0.470865729	0.2886834915	0.9357203385	0.3627517815	0.811844114	C	4
7	1982	26	0.87	0.585	0.285	0.54745761	0.2995153885	1.0007401955	0.4084270145	0.856984788	C	4
7	1983	27	0.52	0.35	0.17	0.4633869925	0.2814287945	0.776625625	0.3628469175	0.6688692925	C	4
7	1984	28	0.495	0.305	0.19	0.5127540555	0.332025976	0.776604879	0.4090494875	0.680763941	C	4
7	1985	29	0.68	0.43	0.25	0.534988089	0.3139448455	0.8994647865	0.4100498905	0.7499295045	C	4
7	1986	30	0.82	0.57	0.25	0.504308377	0.2741772165	0.9283352515	0.382801779	0.7899606065	C	4
7	1987	31	0.89	0.635	0.255	0.4987024355	0.2777806385	0.9355204365	0.375067401	0.818395182	C	4
7	1988	32	0.785	0.605	0.18	0.4602472385	0.27415313	0.9535500305	0.372130165	0.781780634	C	4
7	1989	33	0.745	0.5	0.245	0.534687916	0.2813714665	0.97158592	0.3902282325	0.824361412	C	4
7	1990	34	1.03	0.67	0.36	0.5648895805	0.3247241785	0.971537612	0.410508174	0.857942462	C	4
7	1991	35	1.005	0.71	0.295	0.5008623845	0.281345067	0.9642630215	0.375716519	0.801572677	C	4
7	1992	36	1.005	0.66	0.345	0.512330559	0.2813327605	0.884725017	0.3780052125	0.7693236525	C	4
7	1993	37	1.535	1.045	0.49	0.4703956305	0.2596373305	0.873822951	0.338979232	0.7471478225	C	4
7	1994	38	2.03	1.515	0.515	0.462862434	0.256005046	1.0182295705	0.343385217	0.820857579	C	4
7	1995	39	2.155	1.485	0.67	0.5056213205	0.2559801885	0.956721296	0.358300143	0.8419136295	C	4
7	1996	40	1.825	1.345	0.48	0.5079657875	0.299294697	0.978306295	0.3801248545	0.876270591	C	4
7	1997	41	1.595	1.03	0.565	0.556596686	0.2884334145	1.0504582295	0.3646550435	0.909125724	C	4
7	1998	42	1.19	0.855	0.335	0.5075475505	0.288413504	0.9059390915	0.3873235125	0.8114367355	C	4
7	1999	43	1.065	0.745	0.32	0.543856821	0.3064515875	1.035889229	0.3801312875	0.9246691505	C	4
7	2000	44	1.09	0.825	0.265	0.511182217	0.291989767	0.9925004605	0.398074259	0.8622186565	C	4
7	2001	45	0.87	0.58	0.29	0.574441433	0.3425284195	0.963574921	0.4295121965	0.8590436845	C	4
7	2002	46	1.12	0.755	0.365	0.5567074855	0.310016909	0.992402129	0.4069728705	0.866449196	C	4
7	2003	47	0.875	0.59	0.285	0.5505289065	0.3099992085	0.9995798035	0.3958528885	0.8671654985	C	4
7	2004	48	1.305	0.88	0.425	0.567487186	0.317204742	1.0211790185	0.412650203	0.8937269865	C	4
7	2005	49	1.165	0.815	0.35	0.5379545315	0.288304354	1.00667874	0.385095781	0.8987630035	C	4
7	2006	50	1.115	0.83	0.285	0.5468497465	0.3279956035	1.0318901765	0.42013132	0.916982806	C	4
7	2007	51	1.265	0.915	0.35	0.529160517	0.3099297615	0.999341464	0.3852847705	0.901743713	C	4
7	2008	52	1.015	0.745	0.27	0.5294651305	0.2990815625	0.988461244	0.4063397035	0.8704394385	C	4
7	2009	53	0.965	0.675	0.29	0.5063540975	0.281020153	0.9126188325	0.3858851145	0.789401829	C	4
7	2010	54	0.955	0.635	0.32	0.587112176	0.324316649	1.017238886	0.4290164085	0.8931404165	C	4
7	2011	55	1.195	0.82	0.375	0.554569099	0.313474964	0.9774841255	0.406953364	0.879057819	C	4
7	2012	56	0.955	0.645	0.31	0.5335364715	0.3062387995	0.9666108445	0.4019586235	0.814365525	C	4
7	2013	57	0.73	0.455	0.275	0.5715993345	0.327875836	0.9304883055	0.419472751	0.821618284	C	4
7	2014	58	0.99	0.635	0.355	0.578413243	0.3314710975	0.995394794	0.426153929	0.8536897005	C	4
7	2015	59	1.05	0.74	0.31	0.5097972565	0.284547121	0.919569708	0.38309681	0.806395487	C	4
7	2016	60	0.855	0.59	0.265	0.568200876	0.309788825	0.9808653505	0.4244351375	0.867282011	C	4
7	2017	61	1.09	0.75	0.34	0.54917116	0.291736135	0.9916350505	0.411183597	0.8536051925	C	4
7	2018	62	1.125	0.64	0.485	0.6851566435	0.3350134755	1.164742618	0.462723103	0.980533409	C	4
8	1958	1	0	0	0	0	0	0	0	0	C	4
8	1959	2	1.09	0.685	0.405	0.5471801195	0.377569829	0.64445431	0.5144026555	0.59542232	C	4
8	1960	3	3.635	2.54	1.095	0.370887072	0.2626582475	0.5480701835	0.315509019	0.500245451	C	4
8	1961	4	4.24	3.02	1.22	0.383656409	0.2255877655	0.711150686	0.302672721	0.5853776475	C	4
8	1962	5	2.9	2.41	0.49	0.3446260815	0.232996008	0.655542763	0.293644616	0.5807020905	C	4
8	1963	6	4.08	2.575	1.505	0.427952087	0.247819707	0.7593135685	0.324254865	0.597297692	C	4
8	1964	7	3.755	2.955	0.8	0.410508736	0.2552275015	0.822309528	0.324659562	0.724335375	C	4
8	1965	8	3.295	2.35	0.945	0.3855502855	0.255223774	0.685161148	0.3131695745	0.5679996655	C	4
8	1966	9	3.3	2.65	0.65	0.365459543	0.2144500405	0.7926345825	0.293419212	0.677281889	C	4
8	1967	10	3.025	2.35	0.675	0.4157989025	0.240391418	0.8111559655	0.332783458	0.698364696	C	4
8	1968	11	3.285	2.65	0.635	0.4024224745	0.247800223	0.8519119695	0.320296898	0.752786257	C	4
8	1969	12	3.25	2.46	0.79	0.4161437405	0.2329717915	0.9186112455	0.3036173835	0.7767330395	C	4
8	1970	13	2.695	2.21	0.485	0.3751372055	0.2477932855	0.7666495575	0.3092773685	0.676946145	C	4
8	1971	14	2.59	2.095	0.495	0.4080189545	0.251496047	0.9148838835	0.3150177195	0.807337918	C	4
8	1972	15	2.925	2.295	0.63	0.4024836365	0.2255509105	0.900048515	0.2919189515	0.801360161	C	4
8	1973	16	2.69	1.96	0.73	0.415631763	0.229254371	0.8555660015	0.2939927245	0.750375928	C	4
8	1974	17	2.52	1.79	0.73	0.419259533	0.2514875735	0.8259081765	0.3074066785	0.7042747405	C	4
8	1975	18	2.545	1.855	0.69	0.438842735	0.2477787355	0.862958701	0.3251273785	0.741743266	C	4
8	1976	19	2.64	2.02	0.62	0.4246993215	0.266305482	0.859242965	0.321770763	0.754845369	C	4
8	1977	20	1.75	1.46	0.29	0.375397233	0.232949656	0.796236033	0.317925234	0.6658928345	C	4
8	1978	21	2.005	1.56	0.445	0.4028817435	0.2514772855	0.8369927665	0.3130287215	0.719473258	C	4
8	1979	22	2.095	1.56	0.535	0.4444198075	0.258886317	0.888866128	0.3241372565	0.79425498	C	4
8	1980	23	2.035	1.34	0.695	0.498715929	0.266295287	0.9073868555	0.328560826	0.8286866135	C	4
8	1981	24	1.81	1.24	0.57	0.450534561	0.269998657	0.855499796	0.317552952	0.7334995325	C	4
8	1982	25	1.265	0.815	0.45	0.521369258	0.262585575	0.9592537475	0.3478328875	0.8287821445	C	4
8	1983	26	1.015	0.725	0.29	0.464730486	0.2588782315	0.955543755	0.319979634	0.8313146175	C	4
8	1984	27	1.025	0.755	0.27	0.454778471	0.284816712	0.955539092	0.3352216665	0.786568718	C	4
8	1985	28	1.12	0.77	0.35	0.475677971	0.273698824	0.885127609	0.334400512	0.7790205165	C	4
8	1986	29	1.055	0.775	0.28	0.474163895	0.2736974925	0.9518243755	0.3504162615	0.815643012	C	4
8	1987	30	1.02	0.71	0.31	0.497021367	0.3070465945	0.9036473555	0.367792775	0.7899959665	C	4
8	1988	31	1.215	0.89	0.325	0.4752047195	0.2699892535	0.9369925175	0.361100973	0.788379126	C	4
8	1989	32	1.29	0.925	0.365	0.4941855425	0.2811045965	0.962926224	0.3533855025	0.847058897	C	4
8	1990	33	1.21	0.87	0.34	0.466490679	0.277397216	0.9666268805	0.3425506345	0.779550165	C	4
8	1991	34	1.13	0.88	0.25	0.4400483315	0.273690191	0.9666219485	0.332613106	0.8182279005	C	4
8	1992	35	0.945	0.71	0.235	0.4197885715	0.273688936	0.8591581235	0.3256944855	0.7006311875	C	4
8	1993	36	1.265	0.86	0.405	0.4539496685	0.251454636	0.89250309	0.3017444525	0.775948826	C	4
8	1994	37	1.885	1.36	0.525	0.472520242	0.2588641535	0.9443723005	0.3461958585	0.799605233	C	4
8	1995	38	1.725	1.16	0.565	0.485735751	0.251451256	0.925838231	0.3220395345	0.8215254195	C	4
8	1996	39	1.475	1.11	0.365	0.452042698	0.269976189	0.959179931	0.327480934	0.831093325	C	4
8	1997	40	1.46	0.935	0.525	0.556770172	0.262563922	0.9777009015	0.3774165935	0.877728894	C	4
8	1998	41	1.07	0.65	0.42	0.5271315345	0.32184832	0.825776025	0.4092085525	0.7141140335	C	4
8	1999	42	0.94	0.595	0.345	0.5629136435	0.3255521395	0.9739864585	0.384443201	0.8700334015	C	4
8	2000	43	1.03	0.695	0.335	0.530526561	0.3144345425	0.9591606195	0.4095210415	0.796112556	C	4
8	2001	44	0.99	0.6	0.39	0.553344993	0.307022724	0.936924258	0.3990559645	0.789207937	C	4
8	2002	45	1.445	0.83	0.615	0.597579929	0.277378856	1.0110249195	0.3579201405	0.9173969315	C	4
8	2003	46	1.125	0.66	0.465	0.576811049	0.3070191715	0.9443247115	0.3942989085	0.8405861885	C	4
8	2004	47	1.08	0.755	0.325	0.520539988	0.2884913725	0.988782861	0.373784901	0.8640922825	C	4
8	2005	48	1.065	0.59	0.475	0.611645162	0.318132054	0.959136501	0.3996470985	0.8767732775	C	4
8	2006	49	0.965	0.64	0.325	0.54350631	0.325540789	1.007299359	0.386636557	0.8550993155	C	4
8	2007	50	0.94	0.62	0.32	0.5311383775	0.2884872095	0.981358937	0.374651932	0.8323334345	C	4
8	2008	51	0.715	0.445	0.27	0.548262108	0.2884861865	0.959124677	0.3645810755	0.8535550075	C	4
8	2009	52	0.73	0.435	0.295	0.5282462985	0.277369817	0.888723039	0.3763709655	0.752979145	C	4
8	2010	53	0.895	0.505	0.39	0.5736454705	0.2884844015	0.955412783	0.3619976925	0.84839794	C	4
8	2011	54	1.15	0.675	0.475	0.5763092585	0.299598315	0.9591136925	0.3588122655	0.8767274325	C	4
8	2012	55	0.98	0.665	0.315	0.536002123	0.3181226325	0.973929305	0.387172803	0.844724285	C	4
8	2013	56	0.74	0.45	0.29	0.5852510515	0.2847754145	1.036913033	0.364711033	0.927565709	C	4
8	2014	57	0.965	0.545	0.42	0.5872308995	0.2958895675	0.9813326205	0.358932118	0.882807888	C	4
8	2015	58	0.63	0.455	0.175	0.484692813	0.2847731415	0.907227253	0.3770317105	0.7651627155	C	4
8	2016	59	0.61	0.335	0.275	0.591834749	0.2699521035	0.9887368085	0.361788585	0.875002192	C	4
8	2017	60	0.63	0.41	0.22	0.550205268	0.295886819	0.9813238	0.377744081	0.873299691	C	4
8	2018	61	0.655	0.365	0.29	0.683970294	0.321821492	1.1443433215	0.4221135595	1.013900085	C	4
9	1963	1	3.265	2.015	1.25	0.5498349345	0.4213313645	0.69409197	0.5414406445	0.584384457	C	4
9	1964	2	3.645	3.26	0.385	0.444300642	0.35589315	0.71961572	0.4187296985	0.65970853	C	4
9	1965	3	3.685	3.13	0.555	0.4265580575	0.33773642	0.5923674015	0.4110333145	0.5138625085	C	4
9	1966	4	1.76	1.35	0.41	0.4231813435	0.294112617	0.650587589	0.373512425	0.591585963	C	4
9	1967	5	1.76	1.395	0.365	0.4521005105	0.348686014	0.7015375355	0.4033289665	0.639742876	C	4
9	1968	6	1.825	1.45	0.375	0.4507096225	0.3195999365	0.7961443075	0.3859791075	0.7015585635	C	4
9	1969	7	1.23	0.85	0.38	0.487460227	0.3050586325	0.7925280715	0.385629545	0.7146715025	C	4
9	1970	8	0.98	0.705	0.275	0.474947432	0.345082786	0.708873522	0.4080782835	0.6464747195	C	4
9	1971	9	1.08	0.815	0.265	0.443686057	0.3087107905	0.756183989	0.3718554665	0.667120927	C	4
9	1972	10	0.88	0.625	0.255	0.463067348	0.2505101715	0.887165861	0.337679156	0.773387487	C	4
9	1973	11	0.945	0.67	0.275	0.529395428	0.312361026	0.970858345	0.396099872	0.8512344185	C	4
9	1974	12	1.08	0.73	0.35	0.5383695145	0.3341968395	0.90539385	0.4114453765	0.803369818	C	4
9	1975	13	0.845	0.515	0.33	0.598226612	0.370585794	0.916325249	0.4657352625	0.8050318165	C	4
9	1976	14	0.945	0.695	0.25	0.5342147895	0.3560395925	0.9236206165	0.4363903635	0.806919768	C	4
9	1977	15	0.745	0.505	0.24	0.493145279	0.326940531	0.759908873	0.4080050335	0.667373246	C	4
9	1978	16	0.78	0.55	0.23	0.478008323	0.3196681705	0.821771507	0.385374419	0.720123679	C	4
9	1979	17	0.78	0.55	0.23	0.4581193335	0.2905658185	0.8072314045	0.358108343	0.6980105315	C	4
9	1980	18	0.82	0.525	0.295	0.522344936	0.3051248315	0.8982095035	0.384652886	0.7699987075	C	4
9	1981	19	0.685	0.445	0.24	0.5280529995	0.3524322195	0.807258517	0.428929283	0.710421886	C	4
9	1982	20	0.755	0.46	0.295	0.582281209	0.3269660355	0.978288708	0.4211986475	0.821419536	C	4
9	1983	21	0.58	0.41	0.17	0.4857802335	0.297861718	0.920080616	0.3701178865	0.7657748815	C	4
9	1984	22	0.55	0.37	0.18	0.502495494	0.330613652	0.8727877015	0.393751047	0.726025745	C	4
9	1985	23	0.575	0.385	0.19	0.508026001	0.3233397445	0.880076077	0.3904467035	0.7484278765	C	4
9	1986	24	0.61	0.425	0.185	0.481211975	0.316066053	0.8327826635	0.395376569	0.674700101	C	4
9	1987	25	0.605	0.395	0.21	0.510890237	0.3306254045	0.843710117	0.4047519505	0.7105881535	C	4
9	1988	26	0.56	0.365	0.195	0.4959264145	0.312435507	0.8801070215	0.3940990395	0.69382655	C	4
9	1989	27	0.55	0.355	0.195	0.491742079	0.3160780825	0.8801183725	0.378944589	0.6964389635	C	4
9	1990	28	0.655	0.47	0.185	0.474686598	0.334276719	0.843741551	0.379675925	0.715546622	C	4
9	1991	29	0.68	0.47	0.21	0.4835369625	0.3160858005	0.832836797	0.381701013	0.7116861465	C	4
9	1992	30	0.68	0.45	0.23	0.5136071655	0.3306467695	0.8401258765	0.407187639	0.7218158495	C	4
9	1993	31	1.265	0.81	0.455	0.4728229055	0.2869821775	0.79647785	0.3523355275	0.687191861	C	4
9	1994	32	1.37	1.05	0.32	0.487536173	0.294270875	0.9748292505	0.39049796	0.806281925	C	4
9	1995	33	1.195	0.765	0.43	0.540314034	0.297916037	0.9384578135	0.368838778	0.8408841875	C	4
9	1996	34	1.03	0.7	0.33	0.5645624485	0.348876398	0.9894322765	0.4248364155	0.8643951145	C	4
9	1997	35	1.05	0.555	0.495	0.629294333	0.3598016575	0.989453818	0.440332917	0.843953042	C	4
9	1998	36	0.695	0.43	0.265	0.5750148945	0.378006493	0.8657208	0.4651237935	0.7617927435	C	4
9	1999	37	0.645	0.38	0.265	0.59306347	0.3707329695	0.9094086595	0.463260429	0.7803320095	C	4
9	2000	38	0.62	0.43	0.19	0.526048468	0.341621462	0.880303634	0.4221584295	0.7622011445	C	4
9	2001	39	0.545	0.36	0.185	0.522288913	0.3270667565	0.8329963005	0.4180105375	0.7254956965	C	4
9	2002	40	0.62	0.395	0.225	0.5636238255	0.3452692225	0.9276421655	0.4319869675	0.7946434675	C	4
9	2003	41	0.545	0.33	0.215	0.573016341	0.370752601	0.8111771355	0.4681870655	0.73450052	C	4
9	2004	42	0.67	0.4	0.27	0.5947264115	0.3561974475	0.9094667925	0.4481597155	0.812320657	C	4
9	2005	43	0.73	0.455	0.275	0.5766682525	0.3671221725	0.8585214155	0.459460234	0.771755133	C	4
9	2006	44	0.68	0.49	0.19	0.5221077595	0.348928014	0.884013398	0.422638841	0.780717853	C	4
9	2007	45	0.63	0.41	0.22	0.5354985535	0.3270929465	0.8621854445	0.407213501	0.7757806195	C	4
9	2008	46	0.62	0.405	0.215	0.5532210405	0.338017605	0.880397099	0.4366889565	0.7730530565	C	4
9	2009	47	0.695	0.475	0.22	0.4903855505	0.312541244	0.76392465	0.4058504685	0.670159736	C	4
9	2010	48	0.595	0.385	0.21	0.541672495	0.330746733	0.8622196155	0.4220576775	0.758733526	C	4
9	2011	49	0.77	0.49	0.28	0.563256225	0.3307509395	0.9131976355	0.420798575	0.808525951	C	4
9	2012	50	0.61	0.415	0.195	0.5214106915	0.352597939	0.774876939	0.443579396	0.6961478365	C	4
9	2013	51	0.485	0.265	0.22	0.5425352105	0.3526023785	0.7676037975	0.4183216425	0.699984473	C	4
9	2014	52	0.545	0.33	0.215	0.5457442115	0.3453252825	0.8367810595	0.4168675175	0.7517852165	C	4
9	2015	53	0.605	0.425	0.18	0.480703176	0.3089255215	0.778544433	0.394819959	0.6910385705	C	4
9	2016	54	0.63	0.395	0.235	0.5086402485	0.3198506535	0.7785549815	0.395964907	0.707129633	C	4
9	2017	55	0.52	0.345	0.175	0.497541068	0.3307764195	0.7530800155	0.4067013555	0.684334426	C	4
9	2018	56	0.605	0.34	0.265	0.647776916	0.363544761	0.9897268125	0.452840991	0.894846124	C	4
10	1954	1	3.955	2.75	1.205	0.671407101	0.468352066	0.8777585635	0.636111257	0.740801694	C	4
10	1955	2	1.72	1.255	0.465	0.7180405745	0.593530592	0.9034059165	0.6629328865	0.8171516895	C	4
10	1956	3	2.455	1.475	0.98	0.6196743225	0.3831380135	0.884702901	0.491754052	0.8069985215	C	4
10	1957	4	2.98	1.14	1.84	0.648832569	0.48632846	0.8771226475	0.5674245	0.762511743	C	4
10	1958	5	3.19	2.275	0.915	0.4725469155	0.2796548345	0.880362878	0.3792081965	0.7339175105	C	4
10	1959	6	3.31	2.63	0.68	0.4736862905	0.323780546	0.9021199505	0.397849462	0.77760279	C	4
10	1960	7	2.645	2.075	0.57	0.4465733195	0.301561707	0.853962715	0.3648541895	0.7426095415	C	4
10	1961	8	3.215	2.615	0.6	0.440444104	0.268323989	0.9162174785	0.354737504	0.8078700815	C	4
10	1962	9	1.465	1.12	0.345	0.449747248	0.2866285315	0.916054081	0.35490746	0.7600333665	C	4
10	1963	10	2.085	1.505	0.58	0.5335629295	0.2939495945	1.052003844	0.3858677785	0.910157997	C	4
10	1964	11	2.145	1.63	0.515	0.4970936585	0.315942632	1.0002299455	0.3723535545	0.855200568	C	4
10	1965	12	2.07	1.525	0.545	0.505236753	0.308517921	0.9999861865	0.377421558	0.863107943	C	4
10	1966	13	2.19	1.68	0.51	0.5119596955	0.2826909065	1.0732815	0.382518325	0.8903378415	C	4
10	1967	14	2.32	1.665	0.655	0.5418316665	0.315720875	1.0582759935	0.398865245	0.903599136	C	4
10	1968	15	2.38	1.935	0.445	0.507678808	0.3193071305	1.109441943	0.408085636	0.92434364	C	4
10	1969	16	1.6	1.115	0.485	0.5922390755	0.337598258	1.1496686925	0.412551204	0.998170993	C	4
10	1970	17	1.795	1.39	0.405	0.5757947065	0.344899524	1.1494246635	0.4468249565	0.964052023	C	4
10	1971	18	1.97	1.53	0.44	0.541130437	0.348498299	1.1418266685	0.4313006455	0.9271994075	C	4
10	1972	19	2.04	1.57	0.47	0.527204073	0.289648682	1.1635927325	0.390676592	0.9797468145	C	4
10	1973	20	1.915	1.37	0.545	0.5688974615	0.3152912205	1.1633407245	0.403320164	0.981245307	C	4
10	1974	21	1.74	1.22	0.52	0.582505607	0.337239139	1.148413542	0.4069049485	0.9819805245	C	4
10	1975	22	1.915	1.42	0.495	0.581513106	0.3334971725	1.1297893525	0.43462611	1.0021006505	C	4
10	1976	23	1.575	1.145	0.43	0.58581617	0.3664589635	1.089249176	0.4465689285	0.9514942985	C	4
10	1977	24	1.275	1.035	0.24	0.485323542	0.3186995835	0.979012212	0.411754288	0.786929181	C	4
10	1978	25	1.135	0.855	0.28	0.531151314	0.3223248575	1.0852656565	0.4170006705	0.888233947	C	4
10	1979	26	1.47	1.08	0.39	0.5713577615	0.31860845	1.1070901815	0.4290639545	0.9680124705	C	4
10	1980	27	1.36	0.91	0.45	0.5996644265	0.3222193975	1.0959016185	0.404789928	0.9953703155	C	4
10	1981	28	1.105	0.72	0.385	0.5759688915	0.31483507	1.044432372	0.3858384635	0.9310050545	C	4
10	1982	29	1.325	0.655	0.67	0.715914124	0.358764351	1.113917514	0.45026115	0.9957474075	C	4
10	1983	30	0.94	0.67	0.27	0.55319394	0.333057175	1.06611431	0.4041820555	0.920853915	C	4
10	1984	31	0.745	0.52	0.225	0.551804098	0.3256960645	1.051360209	0.4054751935	0.8905041335	C	4
10	1985	32	0.88	0.585	0.295	0.5446453685	0.3256716665	0.9633388465	0.396960513	0.855245904	C	4
10	1986	33	1.215	0.85	0.365	0.5462377755	0.2999867575	1.0181247295	0.4088027115	0.872991758	C	4
10	1987	34	1.08	0.75	0.33	0.517694813	0.3109211385	0.9520650315	0.3922295395	0.8174138155	C	4
10	1988	35	1.025	0.75	0.275	0.5313293705	0.299897431	1.058175976	0.406169627	0.874477465	C	4
10	1989	36	1.19	0.78	0.41	0.6165186985	0.310854881	1.0909728585	0.4309723475	0.970182181	C	4
10	1990	37	1.46	1.06	0.4	0.566437911	0.329110818	1.0871218465	0.4293747965	0.9305443925	C	4
10	1991	38	1.26	0.93	0.33	0.527419445	0.281453042	1.08329371	0.384355425	0.925658632	C	4
10	1992	39	1.13	0.835	0.295	0.526669834	0.307040197	1.006260561	0.4041483775	0.873038063	C	4
10	1993	40	1.835	1.385	0.45	0.4534427765	0.2703817055	0.9584711735	0.3299479395	0.853186666	C	4
10	1994	41	2.19	1.63	0.56	0.5166109835	0.2630024365	1.1119326695	0.372583202	0.959397336	C	4
10	1995	42	1.845	1.225	0.62	0.588406799	0.288553476	1.08974364	0.3836174795	1.0038528955	C	4
10	1996	43	1.7	1.23	0.47	0.5595594265	0.3250784385	1.085857627	0.41328654	0.9564081575	C	4
10	1997	44	1.435	0.98	0.455	0.5850458615	0.292092379	1.100304552	0.404763973	0.972601285	C	4
10	1998	45	1.19	0.825	0.365	0.5299415635	0.3066778625	0.928276712	0.4100772395	0.800734084	C	4
10	1999	46	1.365	0.905	0.46	0.57078003	0.3139433615	1.01952901	0.4203047875	0.865274536	C	4
10	2000	47	1.05	0.79	0.26	0.5334673525	0.3029245755	1.077864719	0.401830099	0.9155402215	C	4
10	2001	48	0.945	0.665	0.28	0.53566185	0.3028865405	1.0338769765	0.3900855515	0.877709888	C	4
10	2002	49	1.115	0.695	0.42	0.6008512835	0.295540945	1.132421047	0.391827225	0.9448728565	C	4
10	2003	50	0.955	0.63	0.325	0.599060958	0.313771469	1.099405289	0.4055043055	0.9642652845	C	4
10	2004	51	1.14	0.73	0.41	0.618501797	0.3100830145	1.091953293	0.412199605	0.9886117485	C	4
10	2005	52	1.34	0.765	0.575	0.6483446415	0.328306757	1.0808258565	0.4177949575	0.9604929895	C	4
10	2006	53	1.1	0.71	0.39	0.6260014955	0.353827246	1.128151194	0.4395596865	0.9664412425	C	4
10	2007	54	1.2	0.715	0.485	0.6299533075	0.350127729	1.0622677285	0.4234415935	0.93102993	C	4
10	2008	55	1.125	0.71	0.415	0.6087425585	0.3281627415	1.051165085	0.4238348285	0.927817024	C	4
10	2009	56	1.21	0.705	0.505	0.614286255	0.306212082	1.0181387995	0.4141695085	0.8941590825	C	4
10	2010	57	0.935	0.565	0.37	0.660224031	0.3463297095	1.0837441925	0.442414371	0.9847938655	C	4
10	2011	58	0.995	0.61	0.385	0.660229119	0.36454339	1.090911823	0.4545332525	0.98251605	C	4
10	2012	59	0.815	0.57	0.245	0.5801031555	0.32799543	1.0542983345	0.4310661275	0.9362128975	C	4
10	2013	60	0.73	0.435	0.295	0.641995521	0.3389129925	1.057861073	0.4393003855	0.938624926	C	4
10	2014	61	1.065	0.625	0.44	0.6735392405	0.327936521	1.108832262	0.4379339935	1.00540024	C	4
10	2015	62	1.04	0.68	0.36	0.614442527	0.320597067	1.094088191	0.4336104785	0.9622025965	C	4
10	2016	63	1.23	0.71	0.52	0.645516818	0.316905526	1.07206349	0.421085584	0.955109857	C	4
10	2017	64	0.865	0.55	0.315	0.614988616	0.32415978	1.0609927115	0.4217406355	0.956528598	C	4
10	2018	65	1.235	0.53	0.705	0.792238325	0.353310585	1.246871321	0.4621631215	1.043613823	C	4
11	1950	1	3.635	1.945	1.69	0.500928056	0.341855804	0.6475325365	0.4443807735	0.547789419	C	4
11	1951	2	1.14	0.855	0.285	0.4368454745	0.3492932205	0.614437868	0.3972960665	0.559091841	C	4
11	1952	3	1.465	0.945	0.52	0.427724781	0.30512918	0.647637014	0.358545335	0.558325701	C	4
11	1953	4	2.06	0.665	1.395	0.5645217295	0.2904194575	0.7618871	0.4123932475	0.646367084	C	4
11	1954	5	2.515	2.035	0.48	0.467478632	0.1873452765	0.9388255525	0.4099460835	0.7286169335	C	4
11	1955	6	1.535	1.165	0.37	0.5348100045	0.3236566615	1.0162744465	0.425717435	0.8564134165	C	4
11	1956	7	1.19	0.925	0.265	0.461091759	0.3310489325	0.824762414	0.3847658135	0.7280045445	C	4
11	1957	8	0.585	0.385	0.2	0.576869458	0.334756425	1.038486069	0.4154456235	0.8872390955	C	4
11	1958	9	0.885	0.695	0.19	0.5005157345	0.2942418735	1.053276548	0.390320964	0.9034149455	C	4
11	1959	10	1.03	0.75	0.28	0.5322538895	0.3089948635	1.0128096175	0.4018362055	0.8814521185	C	4
11	1960	11	0.93	0.635	0.295	0.516107958	0.3126995415	0.942848413	0.3684046525	0.833901666	C	4
11	1961	12	0.78	0.57	0.21	0.489152405	0.242698275	0.9944820635	0.348423666	0.8648637395	C	4
11	1962	13	0.955	0.71	0.245	0.458697234	0.279564756	0.8729204955	0.351556992	0.770168593	C	4
11	1963	14	1.105	0.725	0.38	0.5581035505	0.338546032	0.979858627	0.399780371	0.8578719305	C	4
11	1964	15	0.93	0.66	0.27	0.5164141	0.3201389835	0.972539172	0.3873655135	0.8312795215	C	4
11	1965	16	0.97	0.68	0.29	0.5278655415	0.3275285125	0.9652223555	0.3953863925	0.840810854	C	4
11	1966	17	0.9	0.615	0.285	0.541973664	0.305430828	0.9984505505	0.391339548	0.8658150595	C	4
11	1967	18	0.93	0.655	0.275	0.4993246605	0.287015348	0.935836435	0.3687132425	0.810965734	C	4
11	1968	19	1.105	0.815	0.29	0.5194328815	0.312836254	1.017006569	0.3973205815	0.8628645955	C	4
11	1969	20	0.805	0.6	0.205	0.490770487	0.3054831165	0.9838730405	0.3749170315	0.830929452	C	4
11	1970	21	1.18	0.885	0.295	0.5057645985	0.3239319395	0.9986885435	0.391658017	0.848245432	C	4
11	1971	22	1.19	0.96	0.23	0.4794449195	0.3239575705	0.928698589	0.4015635085	0.8029967735	C	4
11	1972	23	1.21	0.94	0.27	0.450837744	0.261295202	0.987765221	0.3322604465	0.864181189	C	4
11	1973	24	1.115	0.88	0.235	0.4697610755	0.2871246015	1.021023526	0.3561810915	0.8971623085	C	4
11	1974	25	1.29	0.95	0.34	0.497136941	0.3055832825	0.9215231895	0.3791384955	0.8263813695	C	4
11	1975	26	1.585	1.13	0.455	0.545617621	0.301920787	0.991686004	0.4056568395	0.897225952	C	4
11	1976	27	1.385	1.075	0.31	0.5352499375	0.3388311775	1.036036805	0.426478235	0.9126470035	C	4
11	1977	28	1.09	0.89	0.2	0.4702015275	0.3204192065	0.8996109345	0.4010540865	0.778604268	C	4
11	1978	29	1.07	0.84	0.23	0.4698658755	0.301989428	0.973450978	0.371445274	0.8291141715	C	4
11	1979	30	0.93	0.695	0.235	0.5141482025	0.3204569635	0.995641151	0.395827054	0.8635974965	C	4
11	1980	31	1.015	0.7	0.315	0.5645605175	0.3094030545	1.0547356655	0.393182654	0.9429553715	C	4
11	1981	32	0.905	0.61	0.295	0.5479674005	0.309423789	0.9625416775	0.3959431505	0.8642176185	C	4
11	1982	33	0.955	0.525	0.43	0.6528490885	0.3278895775	1.054845334	0.425036875	0.9273000985	C	4
11	1983	34	0.68	0.47	0.21	0.561915253	0.331595888	1.0622743545	0.4073797345	0.9082041215	C	4
11	1984	35	0.535	0.335	0.2	0.5643738825	0.327918815	0.958980944	0.4172941225	0.812555777	C	4
11	1985	36	0.745	0.44	0.305	0.543098664	0.3057873475	0.86675768	0.392038661	0.7603429895	C	4
11	1986	37	0.76	0.515	0.245	0.5172150125	0.3021107045	0.9479927055	0.3881896935	0.7835784495	C	4
11	1987	38	0.705	0.49	0.215	0.5349544445	0.32795826	0.9627924665	0.401438304	0.8393002915	C	4
11	1988	39	0.56	0.395	0.165	0.4623644865	0.291064399	0.863168668	0.363621341	0.70322146	C	4
11	1989	40	0.665	0.45	0.215	0.570921577	0.3242906935	1.0625227165	0.406143416	0.9155003365	C	4
11	1990	41	0.865	0.565	0.3	0.554766024	0.3390704865	0.9592186255	0.41224748	0.826083859	C	4
11	1991	42	0.805	0.55	0.255	0.517353634	0.291099811	0.9777230575	0.372681881	0.8332551285	C	4
11	1992	43	0.69	0.485	0.205	0.4971995015	0.316954249	0.8522479825	0.394483498	0.7458983745	C	4
11	1993	44	1.04	0.765	0.275	0.450702918	0.265285241	0.933519183	0.319065381	0.812299849	C	4
11	1994	45	1.48	1.13	0.35	0.4660268795	0.261608676	1.0443676485	0.346970043	0.846355556	C	4
11	1995	46	1.345	0.895	0.45	0.5299167775	0.254246961	1.003834415	0.3509156425	0.887241781	C	4
11	1996	47	1.275	0.945	0.33	0.511205864	0.3133503215	0.9706774855	0.389053024	0.863216644	C	4
11	1997	48	1.115	0.675	0.44	0.6505587695	0.317062781	1.129532263	0.42981919	0.9887704905	C	4
11	1998	49	0.97	0.6	0.37	0.585990668	0.3244698905	0.952325969	0.416241147	0.8548028045	C	4
11	1999	50	0.825	0.49	0.335	0.63951735	0.317100857	1.114874882	0.398127608	0.994299064	C	4
11	2000	51	0.77	0.515	0.255	0.5938505785	0.331893803	1.066917717	0.424943265	0.908966221	C	4
11	2001	52	0.755	0.45	0.305	0.605268335	0.294970113	0.9967856295	0.412473781	0.872921505	C	4
11	2002	53	0.64	0.44	0.2	0.5511756895	0.2839019555	1.0780879285	0.3825589645	0.922925955	C	4
11	2003	54	0.53	0.33	0.2	0.63942172	0.335626621	1.0781223825	0.442196516	0.9586832135	C	4
11	2004	55	0.71	0.435	0.275	0.626621415	0.331944192	1.0523056015	0.439127117	0.9209053405	C	4
11	2005	56	0.79	0.455	0.335	0.6295510475	0.3024045565	1.0745143375	0.3914948435	0.9570117455	C	4
11	2006	57	0.605	0.435	0.17	0.5588234705	0.3245847205	1.074563412	0.4149353495	0.925889968	C	4
11	2007	58	0.705	0.45	0.255	0.614828438	0.343068674	1.0746036105	0.4200057	0.9576977635	C	4
11	2008	59	0.5	0.33	0.17	0.570036205	0.3319991905	1.0192170715	0.414871575	0.873327727	C	4
11	2009	60	0.42	0.245	0.175	0.5829031335	0.3393983585	0.92317702	0.4334821925	0.8120695045	C	4
11	2010	61	0.45	0.27	0.18	0.650024238	0.365269383	1.056218567	0.465066904	0.930314858	C	4
11	2011	62	0.63	0.375	0.255	0.6586047195	0.3394154635	1.0821185205	0.450133545	0.9686348155	C	4
11	2012	63	0.645	0.425	0.22	0.6109059145	0.3579042585	1.023041365	0.45449998	0.9120608595	C	4
11	2013	64	0.46	0.28	0.18	0.634725727	0.343135812	1.0600232945	0.459271509	0.907452033	C	4
11	2014	65	0.67	0.405	0.265	0.657725002	0.3616211515	1.0970152005	0.4528161945	0.968853493	C	4
11	2015	66	0.775	0.49	0.285	0.621879341	0.335769366	1.0675022695	0.416903721	0.971908966	C	4
11	2016	67	0.88	0.465	0.415	0.656545293	0.3616537705	1.00103284	0.4434161985	0.912200319	C	4
11	2017	68	0.745	0.4	0.345	0.6577864465	0.3801512175	1.00107797	0.4788110675	0.903110456	C	4
11	2018	69	0.835	0.37	0.465	0.8089864065	0.402342625	1.182236944	0.5358341445	1.0329987145	C	4
12	1957	1	3.51	1.11	2.4	0.5012666665	0.4407436805	0.6172528375	0.499159067	0.500723195	C	4
12	1958	2	1.675	1.33	0.345	0.415871645	0.3083719555	0.635649354	0.374660855	0.574044266	C	4
12	1959	3	1.835	1.35	0.485	0.429688525	0.3377932135	0.665074264	0.381568827	0.572567558	C	4
12	1960	4	0.815	0.54	0.275	0.485605905	0.378246096	0.6466905375	0.429451489	0.5951985795	C	4
12	1961	5	2.405	1.8	0.605	0.412076123	0.3157349555	0.6062484835	0.3690023785	0.539619627	C	4
12	1962	6	1.425	1.025	0.4	0.4060927465	0.301028805	0.602575731	0.351175812	0.5473780335	C	4
12	1963	7	2.185	1.56	0.625	0.444975059	0.286321382	0.7680669825	0.3587330175	0.6600303415	C	4
12	1964	8	1.97	1.35	0.62	0.431030873	0.3230994425	0.6099447725	0.3779098735	0.5364498315	C	4
12	1965	9	2.295	1.725	0.57	0.3993277485	0.290006561	0.6871803235	0.334986301	0.588144965	C	4
12	1966	10	1.985	1.525	0.46	0.4121326385	0.253234258	0.764416722	0.3297852575	0.683023229	C	4
12	1967	11	1.585	1.18	0.405	0.4061561795	0.282657273	0.709259924	0.3366582435	0.608551874	C	4
12	1968	12	1.69	1.38	0.31	0.3891798195	0.2458840875	0.830627983	0.3126027325	0.7302022925	C	4
12	1969	13	1.24	0.945	0.295	0.420616583	0.260596914	0.860055192	0.321616499	0.7387747325	C	4
12	1970	14	1.76	1.37	0.39	0.394633635	0.271631564	0.7681214235	0.313002606	0.68118473	C	4
12	1971	15	1.795	1.49	0.305	0.373776305	0.2679569955	0.723996823	0.3192342565	0.640380881	C	4
12	1972	16	1.825	1.43	0.395	0.400145037	0.2422157405	0.8600811285	0.3015971955	0.7568838645	C	4
12	1973	17	1.885	1.515	0.37	0.4035634465	0.2569291255	0.8306674715	0.3203959355	0.745043954	C	4
12	1974	18	1.885	1.4	0.485	0.4107676435	0.260609295	0.8086095725	0.308198617	0.7059376605	C	4
12	1975	19	1.785	1.25	0.535	0.452823737	0.279001422	0.819651393	0.340181663	0.7141033245	C	4
12	1976	20	1.635	1.34	0.295	0.418752383	0.271648439	0.9079287915	0.333842118	0.805171981	C	4
12	1977	21	1.24	1.03	0.21	0.370240318	0.238549561	0.7534618705	0.316639564	0.6363303015	C	4
12	1978	22	1.325	1.085	0.24	0.3884911625	0.260618667	0.8564503525	0.310335783	0.743367395	C	4
12	1979	23	1.54	1.185	0.355	0.4095958805	0.256942872	0.793931413	0.320100936	0.706987689	C	4
12	1980	24	1.5	1.095	0.405	0.4630565945	0.25326682	0.91163524	0.326330656	0.832543773	C	4
12	1981	25	1.03	0.775	0.255	0.4292835745	0.2643032475	0.8307234905	0.3337737585	0.719917899	C	4
12	1982	26	1.165	0.91	0.255	0.440624363	0.27533895	0.9079684475	0.3464998535	0.782135637	C	4
12	1983	27	0.795	0.59	0.205	0.4121698655	0.256950254	0.7902738115	0.3234674685	0.686963875	C	4
12	1984	28	0.68	0.485	0.195	0.430302739	0.267985632	0.753495572	0.3373775185	0.658897576	C	4
12	1985	29	0.595	0.405	0.19	0.4485610215	0.286377072	0.7277514535	0.361295083	0.643449016	C	4
12	1986	30	0.955	0.76	0.195	0.4108161205	0.264309368	0.7939618305	0.3398480965	0.677837784	C	4
12	1987	31	0.805	0.595	0.21	0.452946175	0.2827013735	0.85281561	0.353181636	0.7342286845	C	4
12	1988	32	0.695	0.54	0.155	0.4107365095	0.2716683375	0.7866118195	0.3436601825	0.647807166	C	4
12	1989	33	0.67	0.505	0.165	0.444484685	0.275347583	0.882247501	0.338422315	0.7658944835	C	4
12	1990	34	0.795	0.565	0.23	0.5042998505	0.297417649	0.9374243205	0.3661918755	0.8316892085	C	4
12	1991	35	0.895	0.725	0.17	0.4195572415	0.2679933765	0.863864951	0.3381165415	0.7617524325	C	4
12	1992	36	0.73	0.57	0.16	0.4274908815	0.293742108	0.83076432	0.3527794595	0.6976584305	C	4
12	1993	37	1.6	1.205	0.395	0.3717108515	0.238570396	0.7351368295	0.2887499245	0.6451582455	C	4
12	1994	38	2.085	1.73	0.355	0.3956893955	0.253285905	0.911703707	0.321095829	0.77034179	C	4
12	1995	39	1.925	1.29	0.635	0.475027832	0.2312183155	0.90803508	0.3051342495	0.817608493	C	4
12	1996	40	2.245	1.66	0.585	0.4304867625	0.260648072	0.874940575	0.3137759475	0.7664443355	C	4
12	1997	41	1.425	1	0.425	0.506036951	0.304791519	0.91908931	0.373176728	0.818773406	C	4
12	1998	42	1.215	0.93	0.285	0.441386921	0.2864019605	0.7977072105	0.359500392	0.7099899755	C	4
12	1999	43	1.4	0.975	0.425	0.516932329	0.2864037285	0.9779582615	0.3718580495	0.8498660065	C	4
12	2000	44	1.155	0.965	0.19	0.399824407	0.2643354735	0.8381818945	0.3351699745	0.7316935475	C	4
12	2001	45	1.24	0.88	0.36	0.5016591665	0.3121577	0.8860080325	0.382106358	0.7946717655	C	4
12	2002	46	1.175	0.81	0.365	0.5214055565	0.268017323	0.9890132145	0.3479609725	0.906387007	C	4
12	2003	47	0.93	0.655	0.275	0.5130717645	0.2753763065	0.981661422	0.361224775	0.8729876995	C	4
12	2004	48	1.29	0.925	0.365	0.5345011955	0.3048062325	0.9890256555	0.393128637	0.892862189	C	4
12	2005	49	1.105	0.68	0.425	0.5566540765	0.308486953	0.9044238625	0.3992039965	0.808223225	C	4
12	2006	50	0.93	0.71	0.22	0.4802712305	0.3011316455	0.9301791485	0.37801796	0.7979995665	C	4
12	2007	51	0.805	0.515	0.29	0.517119271	0.3011331265	0.882360803	0.372815407	0.775092958	C	4
12	2008	52	0.73	0.525	0.205	0.5011276685	0.312170438	0.9191512145	0.3846218075	0.8021979835	C	4
12	2009	53	0.815	0.58	0.235	0.50893969	0.2974571155	0.9338701875	0.386292622	0.813247931	C	4
12	2010	54	0.755	0.525	0.23	0.5212285115	0.315851778	0.981697321	0.3730500765	0.8673070325	C	4
12	2011	55	0.865	0.59	0.275	0.5357398295	0.3011383885	0.959629485	0.3693879445	0.886230251	C	4
12	2012	56	0.815	0.65	0.165	0.4169437705	0.2717102205	0.8124847285	0.3422762305	0.719345904	C	4
12	2013	57	0.585	0.43	0.155	0.4802156215	0.2680326105	0.9817097375	0.346651792	0.8508076675	C	4
12	2014	58	0.715	0.5	0.215	0.51227678	0.290105998	0.966998457	0.3548100965	0.8816839055	C	4
12	2015	59	0.895	0.695	0.2	0.4632251255	0.260677065	0.9559671375	0.3517658765	0.848028483	C	4
12	2016	60	0.955	0.725	0.23	0.4861724945	0.2864298245	0.981723751	0.360527511	0.8814484835	C	4
12	2017	61	0.67	0.495	0.175	0.4866516235	0.286431315	0.911830078	0.3759081595	0.8012203725	C	4
12	2018	62	0.61	0.395	0.215	0.571470134	0.3268992745	0.9596577545	0.4140945075	0.8598755755	C	4
